-1896.93899217
-1896.93919970
-1896.93715947
-1896.93096853
-1896.93635437
-1896.93076396
-1896.93463167
-1896.93778172
-1896.94286701
-1896.93861021
-1896.93762511
-1896.93598038
-1896.94502105
-1896.93113103
-1896.93290352
-1896.93585149
-1896.93503397
-1896.93773161
-1896.94143722
-1896.93844628
-1896.93297646
-1896.93764785
-1896.93785834
-1896.93787944
-1896.93553178
-1896.93929723
-1896.93552545
-1896.94143302
-1896.93948218
-1896.93976587
-1896.94289664
-1896.93291532
-1896.93835479
-1896.93622499
-1896.93187060
-1896.94123522
-1896.93360396
-1896.93671536
-1896.92904784
-1896.94138692
-1896.93989906
-1896.93110636
-1896.93644506
-1896.93657244
-1896.93717067
-1896.93864695
-1896.93954339
-1896.94069419
-1896.93912166
-1896.94268260
-1896.93353498
-1896.93400312
-1896.93657811
-1896.93425292
-1896.94024950
-1896.93409899
-1896.93848993
-1896.93902394
-1896.93836185
-1896.93375755
-1896.93591924
-1896.93482871
-1896.93694179
-1896.93717658
-1896.94114314
-1896.93971244
-1896.93758314
-1896.93665448
-1896.93767826
-1896.93269084
-1896.93914730
-1896.94047748
-1896.93693074
-1896.93868100
-1896.93358280
-1896.93035522
-1896.94343447
-1896.93716432
-1896.94110426
-1896.92854970
-1896.93609223
-1896.93937629
-1896.93053127
-1896.93839712
-1896.93270559
-1896.93971859
-1896.93522929
-1896.94340956
-1896.93664375
-1896.93942419
-1896.93365465
-1896.93162889
-1896.94005245
-1896.93999546
-1896.93650014
-1896.93840153
-1896.94359432
-1896.93617200
-1896.93659382
-1896.93750945
-1896.93283768
-1896.93610314
-1896.93956380
-1896.93515934
-1896.93939293
-1896.93852941
-1896.94241774
-1896.94315173
-1896.93779994
-1896.93581715
-1896.93647355
-1896.93921088
-1896.93226014
-1896.93758957
-1896.93933994
-1896.93262161
-1896.93795749
-1896.94093670
-1896.93461280
-1896.93524352
-1896.93738261
-1896.93598208
-1896.94182461
-1896.93654650
-1896.93770595
-1896.93474965
-1896.93632033
-1896.92969770
-1896.93315812
-1896.93852991
-1896.93709137
-1896.93697812
-1896.94306762
-1896.93749052
-1896.93952451
-1896.93289195
-1896.93844546
-1896.94053977
-1896.94117500
-1896.93754635
-1896.93319932
-1896.93612391
-1896.93342721
-1896.93777158
-1896.93154319
-1896.93941693
-1896.93188643
-1896.93098676
-1896.93256756
-1896.93725252
-1896.93650128
-1896.93342539
-1896.93797593
-1896.93482692
-1896.93378938
-1896.93558438
-1896.93255657
-1896.93214677
-1896.93679202
-1896.93529509
-1896.94131663
-1896.94076588
-1896.93883843
-1896.94065962
-1896.93413838
-1896.94106370
-1896.94001096
-1896.93135041
-1896.94216722
-1896.94069054
-1896.93782429
-1896.93297602
-1896.93730362
-1896.93495323
-1896.93568541
-1896.93623321
-1896.93838322
-1896.94224134
-1896.93786730
-1896.93778513
-1896.93759539
-1896.93184947
-1896.93322915
-1896.94276249
-1896.93595119
-1896.93982176
-1896.94099289
-1896.93367201
-1896.93725233
-1896.93978762
-1896.93360063
-1896.94401498
-1896.94140250
-1896.93533353
-1896.93021151
-1896.94287702
-1896.94406796
-1896.93603145
-1896.93495761
-1896.93417762
-1896.93411025
-1896.93246910
-1896.93988852
-1896.93168665
-1896.94218112
-1896.93785048
-1896.94186344
-1896.93294226
-1896.93742697
-1896.93521995
-1896.93372029
-1896.93379720
-1896.93945715
-1896.93652303
-1896.93402739
-1896.93521360
-1896.93345617
-1896.94222189
-1896.94232353
-1896.93021278
-1896.93468053
-1896.93319893
-1896.93464510
-1896.94009400
-1896.93694211
-1896.93418822
-1896.93593861
-1896.93944818
-1896.93230050
-1896.93227520
-1896.93212394
-1896.93567106
-1896.93813814
-1896.93660370
-1896.93366456
-1896.93348508
-1896.93255383
-1896.93056811
-1896.93455595
-1896.93603195
-1896.93450423
-1896.93905322
-1896.93800655
-1896.93758590
-1896.93923092
-1896.93573350
-1896.94155584
-1896.93643658
-1896.94188974
-1896.94333470
-1896.93145984
-1896.93684515
-1896.93176355
-1896.93702196
-1896.93336703
-1896.93550352
-1896.93861257
-1896.93702595
-1896.94037798
-1896.93557625
-1896.93921651
-1896.93849511
-1896.93969913
-1896.93741047
-1896.93334777
-1896.93819961
-1896.93974884
-1896.93035342
-1896.93817713
-1896.93400059
-1896.93285779
-1896.93448160
-1896.93227495
-1896.93410596
-1896.93931882
-1896.93983701
-1896.93735540
-1896.93589391
-1896.94136807
-1896.93306306
-1896.93707969
-1896.93978905
-1896.94208993
-1896.93875016
-1896.93446450
-1896.93527922
-1896.93426028
-1896.94211827
-1896.93932927
-1896.93892273
-1896.94174440
-1896.93375614
-1896.93551417
-1896.93839498
-1896.93378290
-1896.93297951
-1896.93938467
-1896.93012056
-1896.93580921
-1896.92914669
