-1896.93421798
-1896.93905394
-1896.93544805
-1896.94263672
-1896.94121092
-1896.93384695
-1896.93677696
-1896.93702798
-1896.93877639
-1896.93210783
-1896.94155223
-1896.93816120
-1896.93048611
-1896.94056154
-1896.93688642
-1896.93712182
-1896.93384004
-1896.93592204
-1896.93629866
-1896.93716826
-1896.94000070
-1896.93357967
-1896.93635521
-1896.93614244
-1896.93891273
-1896.93521149
-1896.93775045
-1896.94016668
-1896.94002007
-1896.93966205
-1896.94290376
-1896.94061946
-1896.93321805
-1896.94151602
-1896.93993190
-1896.93754126
-1896.93427208
-1896.94105735
-1896.93773491
-1896.93189156
-1896.93687562
-1896.93360707
-1896.93526577
-1896.93572626
-1896.93271002
-1896.93466787
-1896.93460075
-1896.93940051
-1896.94045873
-1896.93142560
-1896.94062247
-1896.94305218
-1896.94007648
-1896.94039699
-1896.93592220
-1896.94052331
-1896.93875588
-1896.93735440
-1896.93929708
-1896.93684942
-1896.93819524
-1896.94252990
-1896.93730039
-1896.93709499
-1896.93692982
-1896.93082724
-1896.93667671
-1896.93308216
-1896.93783027
-1896.93377601
-1896.94245568
-1896.93541925
-1896.93400525
-1896.93792730
-1896.94229273
-1896.93930931
-1896.93741191
-1896.94029932
-1896.94198282
-1896.94346902
-1896.93633854
-1896.94203389
-1896.94077321
-1896.94232002
-1896.93298329
-1896.93879783
-1896.93583860
-1896.93872278
-1896.93577149
-1896.93788662
-1896.93455128
-1896.92815524
-1896.94034825
-1896.94091804
-1896.94087684
-1896.93374128
-1896.93789901
-1896.93732514
-1896.94292354
-1896.94163859
-1896.93160688
-1896.93263152
-1896.94046921
-1896.93346540
-1896.94001334
-1896.93728979
-1896.93912991
-1896.93691227
-1896.93429674
-1896.93880045
-1896.93709559
-1896.94128739
-1896.94237845
-1896.93428300
-1896.93856020
-1896.93807655
-1896.93978308
-1896.93862290
-1896.93568966
-1896.93882009
-1896.93456615
-1896.92728994
-1896.94030173
-1896.94216964
-1896.93775510
-1896.93634644
-1896.93883827
-1896.94091202
-1896.93950272
-1896.93673054
-1896.93647762
-1896.93858290
-1896.93744681
-1896.93814965
-1896.94093406
-1896.93814616
-1896.93057150
-1896.94100542
-1896.92938752
-1896.93526496
-1896.93135349
-1896.93922087
-1896.93198292
-1896.94070922
-1896.93780122
-1896.93858222
-1896.93574683
-1896.93542568
-1896.93636728
-1896.94166874
-1896.93649971
-1896.93459542
-1896.93447787
-1896.93951846
-1896.93836764
-1896.93184219
-1896.93718514
-1896.93896030
-1896.93843513
-1896.93511579
-1896.93606344
-1896.94203447
-1896.93886698
-1896.93692566
-1896.93990175
-1896.93955862
-1896.92947021
-1896.93719311
-1896.94111964
-1896.94100216
-1896.93360197
-1896.94265744
-1896.93103714
-1896.93827861
-1896.93964438
-1896.93986191
-1896.93954438
-1896.93629249
-1896.93329949
-1896.93804095
-1896.93222840
-1896.94081301
-1896.92968755
-1896.93430123
-1896.93399666
-1896.93753763
-1896.93363759
-1896.93500620
-1896.93548402
-1896.93676272
-1896.93435285
-1896.93006370
-1896.93616606
-1896.94140596
-1896.93536673
-1896.93752355
-1896.93594494
-1896.94026985
-1896.93633525
-1896.93675690
-1896.93843680
-1896.93615821
-1896.93719735
-1896.93968748
-1896.93930286
-1896.93419205
-1896.94041861
-1896.93957590
-1896.93550219
-1896.93346797
-1896.93623835
-1896.93781242
-1896.93801866
-1896.93567678
-1896.93477621
-1896.93872151
-1896.93128918
-1896.93563024
-1896.94257341
-1896.93163038
-1896.94120067
-1896.93837955
-1896.93374864
-1896.93739726
-1896.93754792
-1896.93419283
-1896.93852447
-1896.93184309
-1896.93006068
-1896.93874349
-1896.93549958
-1896.93683713
-1896.93272688
-1896.93662589
-1896.93929315
-1896.93892835
-1896.94034987
-1896.93593427
-1896.93683845
-1896.93594303
-1896.94250021
-1896.93487664
-1896.93252739
-1896.93659011
-1896.93769524
-1896.93996120
-1896.93850988
-1896.94041269
-1896.93772518
-1896.93590485
-1896.92878512
-1896.93225778
-1896.93117325
-1896.94273707
-1896.93037019
-1896.93546657
-1896.93918623
-1896.93289672
-1896.93755501
-1896.94197128
-1896.93865724
-1896.93732736
-1896.93978155
-1896.94115098
-1896.93846669
-1896.93740560
-1896.93706456
-1896.94172661
-1896.93470034
-1896.93911597
-1896.93739091
-1896.93729972
-1896.92836434
-1896.93384427
-1896.93759054
-1896.93551149
-1896.93665846
-1896.93726002
-1896.93306082
-1896.94079102
-1896.93737440
-1896.92830450
-1896.93174743
-1896.93406267
-1896.93992431
-1896.93984830
-1896.93504188
-1896.93995069
-1896.93870989
-1896.93899183
-1896.93530063
-1896.93066708
-1896.93832441
-1896.93663883
-1896.92702649
-1896.93887983
-1896.94300638
-1896.93706028
-1896.92966242
-1896.94162761
