-1290.65728627
-1290.65810463
-1290.65682092
-1290.65764189
-1290.65554158
-1290.65717435
-1290.65527664
-1290.65695021
-1290.65665383
-1290.65375519
-1290.65931206
-1290.65402143
-1290.65548919
-1290.65078435
-1290.65836091
-1290.65372647
-1290.65461402
-1290.65630084
-1290.65647547
-1290.65610796
-1290.65707060
-1290.65546272
-1290.65726609
-1290.65687652
-1290.65721601
-1290.65894705
-1290.65469138
-1290.65313520
-1290.65555072
-1290.65550972
-1290.65896734
-1290.65662663
-1290.65292755
-1290.65884201
-1290.65577714
-1290.65599965
-1290.65812842
-1290.65433390
-1290.65592301
-1290.65285802
-1290.65632907
-1290.65671933
-1290.65175446
-1290.65724503
-1290.65483799
-1290.65694603
-1290.65350852
-1290.65281533
-1290.65271454
-1290.65253640
-1290.65222708
-1290.65093226
-1290.65495457
-1290.65877157
-1290.65590084
-1290.65714205
-1290.65794506
-1290.65596109
-1290.65778068
-1290.65569414
-1290.65533334
-1290.65430812
-1290.65528511
-1290.65986622
-1290.65781415
-1290.65621280
-1290.65570554
-1290.65622973
-1290.65716943
-1290.65798176
-1290.65087225
-1290.65392545
-1290.65435416
-1290.65576874
-1290.65768491
-1290.65752287
-1290.65771552
-1290.65586479
-1290.65561233
-1290.65742289
-1290.65328528
-1290.65679122
-1290.65761982
-1290.65742001
-1290.65468219
-1290.65770094
-1290.65751449
-1290.65746049
-1290.65803988
-1290.65608556
-1290.65646268
-1290.65544510
-1290.65236103
-1290.65470455
-1290.65763644
-1290.65419553
-1290.65530078
-1290.65626427
-1290.65779251
-1290.65563281
-1290.65258141
-1290.65426679
-1290.65650230
-1290.65542710
-1290.65533498
-1290.65589441
-1290.65669534
-1290.65620148
-1290.65520729
-1290.65374020
-1290.65648740
-1290.65647349
-1290.65852999
-1290.65762257
-1290.65587837
-1290.65678582
-1290.65008175
-1290.65506536
-1290.65559249
-1290.65513185
-1290.65762001
-1290.65816483
-1290.65736168
-1290.65531311
-1290.65829994
-1290.65851942
-1290.65527257
-1290.65912621
-1290.65702590
-1290.65662180
-1290.65665159
-1290.65739693
-1290.65404901
-1290.65539422
-1290.65425857
-1290.65112068
-1290.65617816
-1290.65597488
-1290.65570292
-1290.65747827
-1290.65551564
-1290.65690850
-1290.65527231
-1290.65790052
-1290.65858490
-1290.65160435
-1290.65670325
-1290.65592007
-1290.65469514
-1290.65203152
-1290.65300577
-1290.65654101
-1290.65670329
-1290.65460830
-1290.65793933
-1290.65811722
-1290.65631454
-1290.65794319
-1290.65675627
-1290.65738924
-1290.65633533
-1290.65830405
-1290.65448106
-1290.65465179
-1290.65693054
-1290.65576996
-1290.65794529
-1290.64967495
-1290.65536301
-1290.65534263
-1290.65536563
-1290.65686500
-1290.65354618
-1290.65689248
-1290.65738721
-1290.65730315
-1290.65492514
-1290.65642779
-1290.65716836
-1290.65288144
-1290.65783255
-1290.65636605
-1290.65742539
-1290.65778638
-1290.65423950
-1290.65848463
-1290.65363425
-1290.65755638
-1290.65446008
-1290.65518731
-1290.65940012
-1290.65448997
-1290.65466068
-1290.65966138
-1290.65740582
-1290.65069841
-1290.65484555
-1290.65646801
-1290.65620397
-1290.65546099
-1290.65867394
-1290.65894242
-1290.65133209
-1290.65894117
-1290.65547219
-1290.65471357
-1290.65644733
-1290.65577064
-1290.65520433
-1290.65746959
-1290.65197464
-1290.65761119
-1290.65787385
-1290.65472861
-1290.65354452
-1290.65544630
-1290.65319373
-1290.65332214
-1290.65657675
-1290.65950732
-1290.65220129
-1290.65599324
-1290.65827082
-1290.65621073
-1290.65599632
-1290.65362125
-1290.65559648
-1290.65329827
-1290.65599325
-1290.65808372
-1290.65486640
-1290.65371216
-1290.65550280
-1290.65615377
-1290.65756791
-1290.65660341
-1290.65705262
-1290.65803806
-1290.65492305
-1290.65727423
-1290.65707218
-1290.65462806
-1290.65783013
-1290.65636513
-1290.65655034
-1290.65627433
-1290.65629150
-1290.65320427
-1290.65779920
-1290.65737896
-1290.65661873
-1290.65505824
-1290.65800656
-1290.65418120
-1290.65700636
-1290.65684210
-1290.65675405
-1290.65575004
-1290.65573034
-1290.65461605
-1290.65529302
-1290.65658801
-1290.65403757
-1290.65721229
-1290.65509421
-1290.65774999
-1290.65749604
-1290.65594290
-1290.65629721
-1290.65305458
-1290.65739588
-1290.65750122
-1290.65487855
-1290.65743958
-1290.65654726
-1290.65307147
-1290.65061429
-1290.65832238
-1290.65041650
-1290.65909152
-1290.65701123
-1290.65558326
-1290.64735344
-1290.65802259
-1290.65473980
-1290.65595170
-1290.65780618
-1290.65562245
-1290.65716208
-1290.65972308
-1290.65641670
-1290.65665600
-1290.65594549
-1290.65789185
-1290.65390312
-1290.65772960
-1290.65844714
-1290.65588225
-1290.65606785
-1290.65660924
