-1290.65711909
-1290.65534154
-1290.65875937
-1290.65659013
-1290.65631239
-1290.65529346
-1290.65732183
-1290.65697685
-1290.65615188
-1290.65647903
-1290.65472581
-1290.65874071
-1290.65566130
-1290.65750100
-1290.65212679
-1290.65746218
-1290.65647339
-1290.65676727
-1290.65614569
-1290.65743859
-1290.65446879
-1290.65226135
-1290.65495104
-1290.65705371
-1290.65636523
-1290.65690526
-1290.64969286
-1290.65795950
-1290.65890977
-1290.65160684
-1290.65937984
-1290.65683026
-1290.65310948
-1290.65613944
-1290.65698713
-1290.65919180
-1290.65432912
-1290.65767922
-1290.65709406
-1290.65759970
-1290.65406662
-1290.65695786
-1290.65895821
-1290.65600540
-1290.65509081
-1290.65689680
-1290.65690486
-1290.65783509
-1290.65382482
-1290.65636275
-1290.65547616
-1290.64958543
-1290.65873151
-1290.65718354
-1290.65546166
-1290.65711672
-1290.65575652
-1290.65753906
-1290.65586062
-1290.65604238
-1290.65681035
-1290.65626330
-1290.65483418
-1290.65544909
-1290.65711351
-1290.65734582
-1290.65511967
-1290.65713088
-1290.65850167
-1290.65676897
-1290.65169051
-1290.65669048
-1290.65892228
-1290.65595392
-1290.65444809
-1290.65493962
-1290.65608958
-1290.65690078
-1290.64923464
-1290.65478910
-1290.65687123
-1290.65531505
-1290.65571299
-1290.65751539
-1290.65855268
-1290.65322435
-1290.65771526
-1290.65509785
-1290.65272210
-1290.65582002
-1290.65687580
-1290.65453955
-1290.65689778
-1290.65678003
-1290.65517268
-1290.65685530
-1290.65649392
-1290.65850209
-1290.65678155
-1290.64886105
-1290.65415270
-1290.65485618
-1290.65615978
-1290.65515337
-1290.65812675
-1290.65882652
-1290.65705577
-1290.65526265
-1290.65851319
-1290.65580437
-1290.65668192
-1290.65776899
-1290.65799728
-1290.65895898
-1290.65598274
-1290.65251522
-1290.65652614
-1290.65558868
-1290.64561176
-1290.65501992
-1290.65580558
-1290.65653364
-1290.65364419
-1290.65638289
-1290.65692635
-1290.65553485
-1290.65349603
-1290.65668367
-1290.65697071
-1290.65712234
-1290.65576483
-1290.65427487
-1290.65571839
-1290.65819153
-1290.65632215
-1290.65669560
-1290.65718194
-1290.65730476
-1290.65755124
-1290.65542425
-1290.65844445
-1290.65101377
-1290.65192644
-1290.65744389
-1290.65562590
-1290.65883686
-1290.65412953
-1290.65808956
-1290.65489179
-1290.65307683
-1290.65764279
-1290.65724249
-1290.65216983
-1290.65534040
-1290.65667856
-1290.65494342
-1290.65864122
-1290.65027537
-1290.65549067
-1290.65601841
-1290.65616940
-1290.65668263
-1290.65270409
-1290.65420276
-1290.65602848
-1290.65457243
-1290.64405983
-1290.65661311
-1290.65239458
-1290.65719586
-1290.65696756
-1290.65339426
-1290.65701206
-1290.65662919
-1290.65579919
-1290.65710746
-1290.65564568
-1290.65656397
-1290.65540878
-1290.65558267
-1290.65084139
-1290.65238974
-1290.65673869
-1290.65752919
-1290.65641195
-1290.65806346
-1290.65516377
-1290.65779420
-1290.65670538
-1290.65739887
-1290.65799460
-1290.65744126
-1290.65660054
-1290.65697753
-1290.65693459
-1290.65668237
-1290.65684096
-1290.65638456
-1290.65448803
-1290.65347072
-1290.65734566
-1290.65843874
-1290.65827539
-1290.65556307
-1290.65631136
-1290.65577673
-1290.65467834
-1290.65681096
-1290.65439119
-1290.65455237
-1290.65690204
-1290.65832226
-1290.65641335
-1290.65830742
-1290.65539046
-1290.65635733
-1290.65559824
-1290.65835353
-1290.65894168
-1290.65382322
-1290.65088246
-1290.65805822
-1290.65819674
-1290.65861106
-1290.65844034
-1290.65489448
-1290.65450236
-1290.65686641
-1290.65398645
-1290.65619824
-1290.65188709
-1290.65162547
-1290.65744649
-1290.65691186
-1290.65760949
-1290.65746422
-1290.65414807
-1290.65661628
-1290.65698869
-1290.65487429
-1290.65680813
-1290.65860413
-1290.65801400
-1290.65947164
-1290.65635779
-1290.65575576
-1290.65502788
-1290.65463849
-1290.65174737
-1290.65550931
-1290.65612464
-1290.65579520
-1290.65814558
-1290.65503862
-1290.65760685
-1290.65082366
-1290.65637056
-1290.65236965
-1290.65671380
-1290.65837961
-1290.65947043
-1290.65741161
-1290.65669539
-1290.65841443
-1290.65690156
-1290.65276245
-1290.65237147
-1290.65559270
-1290.65782217
-1290.65615043
-1290.65860664
-1290.65671190
-1290.65666009
-1290.65426167
-1290.65806544
-1290.65767316
-1290.65479026
-1290.65341600
-1290.65510222
-1290.65577918
-1290.65615230
-1290.65662681
-1290.65565280
-1290.65767717
-1290.65890500
-1290.65495761
-1290.65610689
-1290.65643752
-1290.65799385
-1290.65623485
-1290.65631415
-1290.65713182
-1290.65738360
-1290.65370056
-1290.65537047
-1290.65349580
-1290.65559128
-1290.65418236
-1290.65671744
-1290.65659202
