-1104.92284171
-1104.92490348
-1104.92256223
-1104.92289940
-1104.92284979
-1104.92549257
-1104.92269741
-1104.92325840
-1104.92154093
-1104.92206671
-1104.92384592
-1104.92032513
-1104.92151924
-1104.92253189
-1104.92134128
-1104.92223030
-1104.92225469
-1104.92143263
-1104.92378593
-1104.92395306
-1104.92182430
-1104.91858101
-1104.92432211
Null
-1104.92475644
-1104.92042969
-1104.92300554
-1104.92292951
-1104.92378934
-1104.92082291
-1104.91848396
-1104.92157439
-1104.92002121
-1104.92499701
-1104.92215774
-1104.92135371
-1104.92343821
-1104.92304000
-1104.92362300
-1104.92283851
-1104.92254827
-1104.92092331
-1104.92246834
-1104.91287781
-1104.92024256
-1104.92290757
-1104.92156249
Null
-1104.92209120
-1104.92419770
-1104.92022721
-1104.92138015
-1104.92124661
-1104.92245647
-1104.92164216
-1104.92271948
-1104.92186102
-1104.92377665
-1104.92390490
-1104.91954529
-1104.92302519
-1104.91923587
-1104.92097570
-1104.92017552
-1104.92233928
-1104.91876805
-1104.92006234
-1104.92042359
-1104.92190044
-1104.92366170
-1104.92259540
Null
-1104.92243972
-1104.92393979
-1104.92208405
-1104.92028349
-1104.92035710
-1104.92031095
-1104.92488574
-1104.92170900
-1104.92182364
-1104.92093098
-1104.92359789
-1104.92319385
-1104.92167907
-1104.92167604
-1104.92150286
-1104.92365440
-1104.92194763
-1104.92234043
-1104.92270594
-1104.92239159
-1104.92288379
-1104.92550128
-1104.91926740
Null
-1104.92291645
-1104.92362327
-1104.92362738
-1104.92163120
-1104.92258873
-1104.91895075
-1104.91637505
-1104.91953687
-1104.91967345
-1104.92273024
-1104.91952476
-1104.92012101
-1104.92159899
-1104.92147353
-1104.92295803
-1104.91581548
-1104.92295450
-1104.92353722
-1104.91827286
-1104.92171144
-1104.92222370
-1104.92145704
-1104.92188795
Null
-1104.91724588
-1104.92174861
-1104.92227212
-1104.92176862
-1104.92294744
-1104.92226604
-1104.92118559
-1104.92363599
-1104.91751603
-1104.92371156
-1104.92177379
-1104.92160120
-1104.92088711
-1104.92318753
-1104.92191171
-1104.91929405
-1104.92301162
-1104.92244828
-1104.92205151
-1104.92073012
-1104.92245571
-1104.92209850
-1104.92249283
Null
-1104.92091789
-1104.92278291
-1104.92125734
-1104.92291281
-1104.92104856
-1104.92421514
-1104.91862140
-1104.91965247
-1104.92015736
-1104.91996309
-1104.92381242
-1104.91876451
-1104.92132697
-1104.92134018
-1104.92100076
-1104.92346754
-1104.92078124
-1104.92251383
-1104.92345778
-1104.92058481
-1104.92390164
-1104.92273032
-1104.92275464
Null
-1104.91886232
-1104.92106154
-1104.91989699
-1104.92328563
-1104.92268243
-1104.92255254
-1104.92158362
-1104.92161223
-1104.92192213
-1104.92077862
-1104.92064842
-1104.92120191
-1104.91984195
-1104.92045747
-1104.92085072
-1104.92100592
-1104.92055737
-1104.92228784
-1104.92361020
-1104.92058827
-1104.92306688
-1104.92308323
-1104.91829472
Null
-1104.92014086
-1104.92152519
-1104.92310290
-1104.92325955
-1104.92090046
-1104.91645063
-1104.92088443
-1104.92028233
-1104.92153316
-1104.92104127
-1104.92245853
-1104.92177457
-1104.92034525
-1104.92245065
-1104.92145674
-1104.92198043
-1104.92410979
-1104.91956605
-1104.92155987
-1104.92007122
-1104.92250641
-1104.91997870
-1104.92271259
Null
-1104.92169740
-1104.91606513
-1104.92048279
-1104.92182857
-1104.92217142
-1104.92410558
-1104.92451160
-1104.92446376
-1104.91916246
-1104.92324431
-1104.92198425
-1104.92040918
-1104.92302284
-1104.92172883
-1104.92077887
-1104.92187829
-1104.92226553
-1104.92378006
-1104.91961995
-1104.92128976
-1104.92521318
-1104.91871386
-1104.92293717
Null
-1104.92174252
-1104.92344919
-1104.92152235
-1104.92254394
-1104.91965006
-1104.92353134
-1104.91878644
-1104.92158710
-1104.91893677
-1104.92326681
-1104.92296341
-1104.92219909
-1104.91970030
-1104.92154977
-1104.92390802
-1104.92104194
-1104.92244200
-1104.92122606
-1104.91962591
-1104.92236915
-1104.92270789
-1104.92114591
-1104.91985126
Null
-1104.92291723
-1104.92399804
-1104.92116136
-1104.92154739
-1104.92302103
-1104.92328465
-1104.92315091
-1104.91906062
-1104.91941891
-1104.92323586
-1104.92146893
-1104.92116418
-1104.91877871
-1104.92005665
-1104.92147539
-1104.91797364
-1104.91917561
-1104.92298259
-1104.92132384
-1104.91663935
-1104.92174454
-1104.92297058
-1104.92137825
Null
-1104.92000230
-1104.92221565
-1104.92202293
-1104.92344415
-1104.92114807
-1104.92142495
-1104.92415994
-1104.92179570
-1104.91957064
-1104.92057611
-1104.92091529
-1104.92037549
-1104.91818894
-1104.92072715
-1104.92423235
-1104.92238366
-1104.92028499
-1104.92295441
-1104.92175482
-1104.91954496
-1104.92222637
-1104.92187145
-1104.92149577
Null
-1104.92189756
-1104.92435008
-1104.92282068
-1104.92134778
-1104.92467953
-1104.92171844
-1104.92357561
-1104.92310728
-1104.92260796
-1104.92367873
-1104.92299928
-1104.92464580
-1104.92185880
-1104.92050665
-1104.91849629
-1104.92161758
-1104.92291532
-1104.92435203
-1104.92327267
-1104.92242232
-1104.92041202
-1104.92431841
-1104.92153300
Null
-1104.92132949
-1104.92001148
-1104.92283259
-1104.92109579
-1104.92106537
-1104.92263450
-1104.92278788
-1104.92463173
-1104.92350333
-1104.92344037
-1104.92111136
-1104.92139855
-1104.92107646
-1104.91871517
-1104.92420955
-1104.92310724
-1104.92372439
-1104.91928061
-1104.92008394
-1104.92102089
-1104.92189682
-1104.92145806
-1104.92036360
Null
-1104.91938976
-1104.92063270
-1104.92183546
-1104.92058053
-1104.91896669
-1104.92010322
-1104.91868568
-1104.92401044
-1104.92169334
-1104.92253141
-1104.92134992
-1104.92214911
-1104.92353371
-1104.92320790
-1104.92310855
-1104.92195013
-1104.92222080
-1104.92269134
-1104.92009074
-1104.92396852
-1104.92278365
-1104.91683984
-1104.91988889
Null
-1104.92209408
-1104.92221859
-1104.92149906
-1104.92342205
-1104.92437540
-1104.92244492
-1104.92307140
-1104.92311745
-1104.92268696
-1104.92204345
-1104.92248298
-1104.92002812
-1104.92362372
-1104.92310229
-1104.92458892
-1104.92021590
-1104.91654990
-1104.92448899
-1104.92303762
-1104.92186219
-1104.92206491
-1104.91877014
-1104.92050012
Null
-1104.92158746
-1104.91724000
-1104.92054626
-1104.92196878
-1104.92237966
-1104.92317416
-1104.92309719
-1104.92250729
-1104.92188214
-1104.92081477
-1104.92113558
-1104.92032825
-1104.92213462
-1104.92161471
-1104.91996339
-1104.92327716
-1104.92191981
-1104.92394577
-1104.91969655
-1104.92213438
-1104.92235046
-1104.91865096
-1104.92370843
Null
-1104.92220585
-1104.92283038
-1104.92164926
-1104.92246799
-1104.91989814
-1104.92058725
-1104.92153133
-1104.91911735
-1104.92027973
-1104.92310318
-1104.92320125
-1104.91821206
-1104.92162363
-1104.92233704
-1104.91944734
-1104.92019815
-1104.91926262
-1104.92246298
-1104.92123326
-1104.92090847
-1104.92129913
-1104.91972657
-1104.92250731
Null
-1104.92322860
-1104.92326491
-1104.92337901
-1104.92258674
-1104.92090959
-1104.92141762
-1104.92063109
-1104.92049623
-1104.92152026
-1104.92335276
-1104.92306308
-1104.92109653
-1104.91935120
-1104.92237648
-1104.92219787
-1104.92372824
-1104.92029217
-1104.92296224
-1104.92149047
-1104.92437875
-1104.92252009
-1104.92069033
-1104.92238222
Null
-1104.92122742
-1104.92182506
-1104.92160642
-1104.91914222
-1104.92377191
-1104.92200018
-1104.92099062
-1104.91999059
-1104.91757202
-1104.92566943
-1104.92486165
-1104.91697366
-1104.92034193
-1104.92259348
-1104.92066755
-1104.92395471
-1104.92222968
-1104.92130955
-1104.91967217
-1104.92189065
-1104.92348560
-1104.92395302
-1104.92232733
Null
-1104.92043030
-1104.92164701
-1104.92486788
-1104.92244293
-1104.92072562
-1104.92369973
-1104.91960736
-1104.92021617
-1104.91963718
-1104.92212999
-1104.92278042
-1104.91974038
-1104.92057739
-1104.92127951
-1104.92341292
-1104.92380478
-1104.92183834
-1104.92114607
-1104.92184025
-1104.92275324
-1104.91917675
-1104.92277937
-1104.92421520
Null
-1104.92322672
-1104.92212211
-1104.92142804
-1104.92208310
-1104.92234805
-1104.92350721
-1104.92140084
-1104.92211039
-1104.92264278
-1104.92062498
-1104.92208436
-1104.92095249
-1104.91690322
-1104.91828793
-1104.92270067
-1104.91912601
-1104.92308597
-1104.91763693
-1104.91887324
-1104.92170350
-1104.91884004
-1104.91827355
-1104.92118124
Null
-1104.92209011
-1104.92338299
-1104.92323218
-1104.92382084
-1104.92435639
-1104.92282460
-1104.92352389
-1104.92095717
-1104.92281279
-1104.92234904
-1104.92026061
-1104.92226499
-1104.92282394
-1104.92044511
-1104.92169066
-1104.92234597
-1104.92081032
-1104.91750804
-1104.91882820
-1104.92052301
-1104.92090513
-1104.92353434
-1104.91925888
Null
-1104.92039232
-1104.92075168
-1104.92174258
-1104.92212329
-1104.92464429
-1104.92052783
-1104.91929416
-1104.92054144
-1104.92332025
-1104.91851659
-1104.92185894
-1104.92286524
-1104.92045683
-1104.92331192
-1104.92092440
-1104.92270801
-1104.92054153
-1104.92146323
-1104.91842590
-1104.92272397
-1104.92336844
-1104.92401631
-1104.92308623
Null
-1104.92286093
-1104.92340815
-1104.92097748
-1104.92067087
-1104.92127617
-1104.91970732
-1104.91882319
-1104.92460253
-1104.92235331
-1104.92380260
-1104.92354367
-1104.92288914
-1104.91883098
-1104.92235180
-1104.92375132
-1104.91971236
-1104.92284164
-1104.92346549
-1104.91815402
-1104.92131823
-1104.92240318
-1104.92189525
-1104.92504598
Null
-1104.92180157
-1104.91714969
-1104.92352012
-1104.92016570
-1104.92370256
-1104.92309975
-1104.92385469
-1104.92311269
-1104.92308764
-1104.92274688
-1104.92408730
-1104.91961933
-1104.92219511
-1104.92353383
-1104.92249982
-1104.92057918
-1104.92443693
-1104.92300991
-1104.91987958
-1104.92013032
-1104.92325082
-1104.91913837
-1104.92454177
Null
-1104.91588569
-1104.92259494
-1104.92193302
-1104.91967372
-1104.92088281
-1104.91892590
-1104.92198817
-1104.92142203
-1104.91725944
-1104.92299893
-1104.92199676
-1104.92035592
-1104.92228440
-1104.91795051
-1104.92251479
-1104.91973377
-1104.91742671
-1104.92193600
-1104.92319134
-1104.92204688
-1104.92291295
-1104.91982338
-1104.91981674
Null
-1104.92228889
-1104.92226071
-1104.92461216
-1104.92382229
-1104.92063487
-1104.92396853
-1104.92180886
-1104.92092695
-1104.92153465
-1104.91931925
-1104.92071297
-1104.92180827
-1104.91962184
-1104.92124832
-1104.91676214
-1104.92020164
-1104.91681774
-1104.91996581
-1104.92204670
-1104.92251709
-1104.92336619
-1104.91926480
-1104.92242563
Null
-1104.92164387
-1104.92280779
-1104.92085691
-1104.92002845
-1104.91844871
-1104.92187444
-1104.92110283
-1104.92199201
-1104.91866423
-1104.92193249
-1104.91999566
-1104.92341930
-1104.92154674
-1104.92070694
-1104.92107003
-1104.91796382
-1104.92377777
-1104.92005771
-1104.92177188
-1104.92103177
-1104.92090625
-1104.92078825
-1104.92215338
Null
-1104.91963294
-1104.92322163
-1104.92332442
-1104.92218745
-1104.92238454
-1104.91890531
-1104.91882666
-1104.91948014
-1104.92233489
-1104.92237423
-1104.92306978
-1104.92444020
-1104.92312735
-1104.92235484
-1104.92437774
-1104.92236662
-1104.92277045
-1104.91932638
-1104.92033311
-1104.92036780
-1104.91976305
-1104.92208938
-1104.92377318
Null
-1104.92174872
-1104.92153169
-1104.92322823
-1104.92235588
-1104.92347070
-1104.92049086
-1104.91830592
-1104.92323352
-1104.92518706
-1104.92141131
-1104.92113900
-1104.92163704
-1104.92271497
-1104.92230826
-1104.92010508
-1104.92164179
-1104.92029204
-1104.92158279
-1104.92125469
-1104.92310533
-1104.92167071
-1104.92309465
-1104.92137242
Null
-1104.92551934
-1104.92247043
-1104.92029982
-1104.92096501
-1104.92091370
-1104.92488719
-1104.92295764
-1104.92372470
-1104.92094224
-1104.91897255
-1104.92261308
-1104.92135862
-1104.92329116
-1104.92177813
-1104.92368194
-1104.92096170
-1104.92342941
-1104.92041716
-1104.92241920
-1104.92190732
-1104.92298961
-1104.92432486
-1104.92015520
Null
-1104.92188510
-1104.92040053
-1104.92276399
-1104.92155498
-1104.92143502
-1104.92143248
-1104.92103182
-1104.92161898
-1104.92129207
-1104.92088715
-1104.92038043
-1104.91987711
-1104.92011846
-1104.92174931
-1104.92273887
-1104.92502014
-1104.92549520
-1104.92169430
-1104.92038820
-1104.92024600
-1104.92277856
-1104.92047070
-1104.92268781
Null
-1104.92378573
-1104.92346288
-1104.92274871
-1104.92030531
-1104.91901521
-1104.92203210
-1104.92155602
-1104.92076914
-1104.92182613
-1104.92012564
-1104.92308553
-1104.91828902
-1104.92060643
-1104.92481800
-1104.92188934
-1104.91953437
-1104.92137703
-1104.92035165
-1104.92213312
-1104.92017046
-1104.92355131
-1104.92261294
-1104.92421294
Null
-1104.92374440
-1104.92179330
-1104.92099937
-1104.92423608
-1104.92323190
-1104.91996915
-1104.92063326
-1104.92080539
-1104.92308874
-1104.92129859
-1104.92407915
-1104.91655344
-1104.92420751
-1104.92206466
-1104.92330530
-1104.92452152
-1104.92431877
-1104.92017003
-1104.91993388
-1104.91888592
-1104.92318640
-1104.92168380
-1104.92077477
Null
-1104.92272893
-1104.92484012
-1104.92193301
-1104.91729146
-1104.92239522
-1104.92159490
-1104.91977321
-1104.92427285
-1104.92310435
-1104.91936224
-1104.91860742
-1104.91936314
-1104.92391295
-1104.92145323
-1104.92277686
-1104.91595404
-1104.91909011
-1104.92257760
-1104.92443195
-1104.92112486
-1104.91746704
-1104.92379378
-1104.92406671
Null
-1104.91927805
-1104.92190869
-1104.91940739
-1104.92078494
-1104.92079153
-1104.92453510
-1104.91709412
-1104.92253598
-1104.91660020
-1104.92406642
-1104.92022081
-1104.92232993
-1104.92264333
-1104.92252033
-1104.92466537
-1104.92220356
-1104.92001146
-1104.91937966
-1104.91984993
-1104.91999204
-1104.92242108
-1104.91985360
-1104.91998139
Null
-1104.92143760
-1104.92376997
-1104.92270589
-1104.91984887
-1104.92233926
-1104.92026810
-1104.92136193
-1104.92427412
-1104.91973150
-1104.92350079
-1104.92135119
-1104.92162639
-1104.92231011
-1104.92076509
-1104.92231385
-1104.92275379
-1104.92382031
-1104.92269107
-1104.92097545
-1104.92099314
-1104.92300552
-1104.92447808
-1104.92135848
Null
-1104.92135957
-1104.92308345
-1104.92146721
-1104.92259532
-1104.92336590
-1104.92162785
-1104.91748045
-1104.92128371
-1104.92009763
-1104.92357305
-1104.92245290
-1104.92037905
-1104.91386415
-1104.92219915
-1104.91840992
-1104.92077298
-1104.92072775
-1104.92092323
-1104.92191652
-1104.91991737
-1104.92192242
-1104.92032496
-1104.92247758
Null
-1104.92306964
-1104.92069249
-1104.92271127
-1104.92350496
-1104.92079382
-1104.92008291
-1104.91959429
-1104.92311602
-1104.91927921
-1104.92198651
-1104.92085603
-1104.92211842
-1104.91926301
-1104.92192691
-1104.92145697
-1104.91766790
-1104.92416993
-1104.92187733
-1104.92137975
-1104.92278496
-1104.92133929
-1104.91968729
-1104.92306150
Null
-1104.92112531
-1104.92083153
-1104.92190106
-1104.92213082
-1104.92425422
-1104.92408523
-1104.92344242
-1104.91956856
-1104.92231759
-1104.92148021
-1104.92215256
-1104.92152933
-1104.92042265
-1104.91919790
-1104.92303862
-1104.91928135
-1104.92242673
-1104.91894451
-1104.92260135
-1104.92224749
-1104.92509404
-1104.92026910
-1104.92174862
Null
-1104.92122876
-1104.92210791
-1104.91886432
-1104.91997971
-1104.91809738
-1104.92211873
-1104.92190859
-1104.91977363
-1104.92371802
-1104.91894571
-1104.92058239
-1104.92074101
-1104.92198664
-1104.92218227
-1104.92353326
-1104.92043936
-1104.92244565
-1104.92326541
-1104.92084486
-1104.92224674
-1104.92302468
-1104.92264961
-1104.92074283
Null
-1104.91867476
-1104.91501264
-1104.92254323
-1104.91864017
-1104.92385969
-1104.92134214
-1104.92131772
-1104.91789482
-1104.92149113
-1104.92046258
-1104.92217815
-1104.92175326
-1104.92123191
-1104.92360763
-1104.92212985
-1104.92141144
-1104.92121511
-1104.92242055
-1104.92101432
-1104.92136207
-1104.91692224
-1104.91837471
-1104.92046044
Null
-1104.92451715
-1104.92315302
-1104.91941851
-1104.92238207
-1104.92307882
-1104.92421464
-1104.92109391
-1104.92119756
-1104.92244732
-1104.91823031
-1104.92273350
-1104.92219390
-1104.91947092
-1104.92212843
-1104.92210669
-1104.92341904
-1104.92154171
-1104.92063651
-1104.92361322
-1104.91997655
-1104.91859589
-1104.92205617
-1104.92328939
Null
-1104.92392320
-1104.91881954
-1104.92507719
-1104.92110112
-1104.91768569
-1104.92146468
-1104.92243681
-1104.91958966
-1104.92109751
-1104.91922536
-1104.92236649
-1104.92279957
-1104.92392959
-1104.92368357
-1104.92223912
-1104.92006294
-1104.91819938
-1104.92242597
-1104.92139556
-1104.92296448
-1104.91878356
-1104.92424865
-1104.92061969
Null
-1104.91976494
-1104.92399347
-1104.92129692
-1104.92350863
-1104.92297743
-1104.92099007
-1104.92377954
-1104.91967187
-1104.92343439
-1104.92400618
-1104.91831285
-1104.92178557
-1104.92288383
-1104.92030424
-1104.92257296
-1104.92414733
-1104.92179662
-1104.92340488
-1104.92108095
-1104.92299705
-1104.92131017
-1104.92143636
-1104.92442966
Null
-1104.92108848
-1104.92343120
-1104.92230464
-1104.92309217
-1104.92178511
-1104.91945645
-1104.92365005
-1104.92278609
-1104.91804117
-1104.91836298
-1104.92201728
-1104.92268025
-1104.91999949
-1104.92205436
-1104.92253838
-1104.92165991
-1104.92330375
-1104.92117004
-1104.92255214
-1104.91943774
-1104.92334729
-1104.91654128
-1104.92232271
Null
-1104.92358927
-1104.92372013
-1104.92449193
-1104.92227961
-1104.92160351
-1104.91964522
-1104.92287805
-1104.92057345
-1104.92311125
-1104.92394151
-1104.92306515
-1104.92361260
-1104.91998391
-1104.92248642
-1104.92061075
-1104.92254080
-1104.92144694
-1104.92264521
-1104.92265000
-1104.92153685
-1104.92441857
-1104.92310223
-1104.91991688
Null
-1104.92143614
-1104.92279754
-1104.92158208
-1104.91933280
-1104.92023608
-1104.91961528
-1104.92407392
-1104.92166099
-1104.92415471
-1104.92088928
-1104.91495719
-1104.92237330
-1104.91946853
-1104.92167297
-1104.92235868
-1104.92294671
-1104.92237204
-1104.92278274
-1104.92102175
-1104.92323543
-1104.92202807
-1104.91877462
-1104.92306212
Null
-1104.92155519
-1104.92386086
-1104.92260338
-1104.92424484
-1104.91635085
-1104.92253681
-1104.92437366
-1104.91875963
-1104.92370055
-1104.92120807
-1104.92242768
-1104.92072968
-1104.91379399
-1104.92289369
-1104.92222126
-1104.92280113
-1104.92012091
-1104.92060509
-1104.92271981
-1104.92208895
-1104.91926562
-1104.92276674
-1104.92214205
Null
-1104.92124461
-1104.92259475
-1104.92235780
-1104.92289847
-1104.91889732
-1104.92279291
-1104.91988396
-1104.92221333
-1104.92453440
-1104.92163999
-1104.92312057
-1104.92331175
-1104.91915714
-1104.92332952
-1104.92291718
-1104.92266110
-1104.92202767
-1104.92234604
-1104.92267966
-1104.92414563
-1104.92343335
-1104.92037485
-1104.92066804
Null
-1104.92018312
-1104.92312171
-1104.92199252
-1104.92302158
-1104.92035159
-1104.92122922
-1104.92064000
-1104.92014849
-1104.92314606
-1104.92020223
-1104.91999584
-1104.92304340
-1104.92217272
-1104.92323126
-1104.92322613
-1104.92312388
-1104.91944444
-1104.92118325
-1104.92031563
-1104.92267403
-1104.92178745
-1104.91928982
-1104.92364445
Null
-1104.91642247
-1104.92115580
-1104.92434536
-1104.92367500
-1104.92365227
-1104.91996669
-1104.92055819
-1104.92271283
-1104.92350526
-1104.92297493
-1104.91965822
-1104.92154223
-1104.91857844
-1104.92155961
-1104.92330890
-1104.92133593
-1104.92207075
-1104.92291483
-1104.92315151
-1104.91973736
-1104.92280176
-1104.92031086
-1104.92079493
Null
-1104.92178734
-1104.92115853
-1104.92268816
-1104.92252619
-1104.92346735
-1104.91939526
-1104.91982161
-1104.92297350
-1104.91856023
-1104.92233651
-1104.92327444
-1104.92412124
-1104.92272898
-1104.92271759
-1104.92000873
-1104.92191825
-1104.92096262
-1104.92418452
-1104.92192570
-1104.91759229
-1104.91910000
-1104.92055187
-1104.92169073
Null
-1104.92190830
-1104.92345156
-1104.92042600
-1104.91947892
-1104.92364923
-1104.92054277
-1104.92212254
-1104.92292046
-1104.91953060
-1104.92028266
-1104.92032947
-1104.91752501
-1104.92334973
-1104.92362443
-1104.92401833
-1104.92276437
-1104.92115990
-1104.92364336
-1104.92135492
-1104.92151110
-1104.91963389
-1104.92087887
-1104.92100502
Null
-1104.92103408
-1104.92209122
-1104.91851962
-1104.92368030
-1104.92015851
-1104.92351585
-1104.91954213
-1104.92094602
-1104.92218257
-1104.92167506
-1104.92354816
-1104.92089088
-1104.92302345
-1104.92292657
-1104.92216017
-1104.91747489
-1104.92022328
-1104.92179446
-1104.92239865
-1104.92100446
-1104.92226535
-1104.92135924
-1104.92200560
Null
-1104.92200090
-1104.92327628
-1104.92295079
-1104.92328800
-1104.92122290
-1104.92007152
-1104.92153221
-1104.92206403
-1104.92004203
-1104.92143422
-1104.92203669
-1104.92001186
-1104.92216936
-1104.92028489
-1104.92348209
-1104.92094531
-1104.91891612
-1104.91787396
-1104.91680585
-1104.92209634
-1104.91789215
-1104.92073035
-1104.92297051
Null
-1104.92155040
-1104.92063615
-1104.91909403
-1104.92127459
-1104.92243581
-1104.92304402
-1104.92210117
-1104.92126353
-1104.92002184
-1104.92286123
-1104.92206123
-1104.92245054
-1104.92455814
-1104.92059560
-1104.91750108
-1104.92292881
-1104.92174943
-1104.91972327
-1104.92075317
-1104.92397142
-1104.92058875
-1104.92034138
-1104.92352822
Null
-1104.92279272
-1104.92465391
-1104.92330180
-1104.92141613
-1104.92315706
-1104.92157846
-1104.92296147
-1104.92326441
-1104.92448065
-1104.92049585
-1104.92200651
-1104.92144379
-1104.92154204
-1104.91927108
-1104.92273468
-1104.91842422
-1104.92388155
-1104.92166844
-1104.92455711
-1104.91958708
-1104.92129524
-1104.92100365
-1104.92161523
Null
-1104.91988084
-1104.92427144
-1104.92187295
-1104.92440638
-1104.91782445
-1104.91569401
-1104.92064210
-1104.92339681
-1104.92058430
-1104.91990308
-1104.92219656
-1104.92389138
-1104.92436551
-1104.92266368
-1104.92031444
-1104.92369325
-1104.91952201
-1104.92249493
-1104.92281666
-1104.92353773
-1104.91871653
-1104.92017242
-1104.92250179
Null
-1104.92346005
-1104.92393306
-1104.92234972
-1104.91962616
-1104.92361799
-1104.91930924
-1104.92142111
-1104.92190859
-1104.91999497
-1104.92043627
-1104.92476355
-1104.92492441
-1104.92281648
-1104.92220257
-1104.92249690
-1104.92349006
-1104.92287524
-1104.92209659
-1104.92407416
-1104.92185545
-1104.91687961
-1104.92256040
-1104.92232675
Null
-1104.92296659
-1104.91841200
-1104.92273572
-1104.91965209
-1104.92157778
-1104.92194592
-1104.92186366
-1104.92132604
-1104.91839670
-1104.92099929
-1104.92169065
-1104.91966579
-1104.92479777
-1104.92234542
-1104.92057698
-1104.92235598
-1104.92214768
-1104.92459706
-1104.92263492
-1104.91915078
-1104.92182471
-1104.92420873
-1104.92215216
Null
-1104.92110104
-1104.91996343
-1104.92018288
-1104.92061921
-1104.92216807
-1104.92141720
-1104.92070098
-1104.92065419
-1104.92226967
-1104.92376873
-1104.91925169
-1104.92119472
-1104.91861205
-1104.92028522
-1104.91980766
-1104.92094729
-1104.92024065
-1104.91538980
-1104.92103909
-1104.92399949
-1104.91761407
-1104.92292505
-1104.92400160
Null
-1104.92258246
-1104.92333093
-1104.92111649
-1104.92160271
-1104.92104387
-1104.92215179
-1104.92190214
-1104.92154106
-1104.92467096
-1104.92048254
-1104.91956616
-1104.92281961
-1104.92403878
-1104.92248486
-1104.91893472
-1104.92157743
-1104.92014650
-1104.92005874
-1104.92185871
-1104.92307351
-1104.92260205
-1104.92180418
-1104.92281041
Null
-1104.91651675
-1104.91400520
-1104.92394080
-1104.91673911
-1104.92139543
-1104.92145134
-1104.92408436
-1104.91645003
-1104.92272194
-1104.92209092
-1104.92232662
-1104.92280385
-1104.92402090
-1104.92254154
-1104.92270806
-1104.92421045
-1104.92201375
-1104.92356053
-1104.92063399
-1104.91775084
-1104.92148517
-1104.91977929
-1104.92212471
Null
-1104.92328485
-1104.92477877
-1104.92065698
-1104.91579625
-1104.92181071
-1104.92040895
-1104.91787445
-1104.92177051
-1104.92363256
-1104.92400256
-1104.92259911
-1104.92358626
-1104.92297591
-1104.92034394
-1104.92338250
-1104.92041772
-1104.92244761
-1104.92061704
-1104.92238001
-1104.92063383
-1104.92363697
-1104.92359927
-1104.91829986
Null
-1104.92416088
-1104.92291046
-1104.92150514
-1104.92099019
-1104.92111070
-1104.92156438
-1104.92086545
-1104.92172973
-1104.92228653
-1104.92174826
-1104.92217638
-1104.92256752
-1104.91935538
-1104.92061243
-1104.92436655
-1104.92340124
-1104.92299609
-1104.92310875
-1104.92222320
-1104.92268799
-1104.92109353
-1104.91762145
-1104.92328028
Null
-1104.92105622
-1104.92266248
-1104.92301063
-1104.92273658
-1104.92058797
-1104.92223907
-1104.92151075
-1104.92301161
-1104.92023182
-1104.92243282
-1104.92111513
-1104.92360947
-1104.92427128
-1104.91956475
-1104.92145661
-1104.92247217
-1104.91941008
-1104.92025177
-1104.92402584
-1104.92360244
-1104.92232467
-1104.92436338
-1104.92331126
Null
-1104.91971378
-1104.92438776
-1104.92418107
-1104.91898402
-1104.92392948
-1104.92279870
-1104.92365597
-1104.92390885
-1104.92033969
-1104.92103332
-1104.92100164
-1104.92150754
-1104.91598790
-1104.92146728
-1104.92238635
-1104.91758509
-1104.92417565
-1104.92367118
-1104.92141044
-1104.91807016
-1104.92302349
-1104.92397144
-1104.92503012
Null
-1104.92158855
-1104.92148423
-1104.92025068
-1104.92345336
-1104.92027729
-1104.92397447
-1104.92233090
-1104.91865374
-1104.91960465
-1104.92079643
-1104.92327973
-1104.92141571
-1104.92257838
-1104.92354808
-1104.92259319
-1104.92396556
-1104.92014250
-1104.92193433
-1104.92071269
-1104.92340817
-1104.92365087
-1104.92378086
-1104.92258443
Null
-1104.92208331
-1104.92249399
-1104.92214320
-1104.92254449
-1104.92013320
-1104.92116151
-1104.92066054
-1104.92253914
-1104.91975313
-1104.91951451
-1104.91964412
-1104.92285275
-1104.92281153
-1104.92202834
-1104.92381837
-1104.92011617
-1104.92207299
-1104.92239802
-1104.92414596
-1104.92130700
-1104.92248574
-1104.92247477
-1104.92368026
Null
-1104.92064219
-1104.92119074
-1104.91926373
-1104.92097133
-1104.92401776
-1104.92388281
-1104.92385482
-1104.92023866
-1104.92259096
-1104.92334182
-1104.92177514
-1104.92488384
-1104.92083564
-1104.91919082
-1104.92331569
-1104.92096787
-1104.92366162
-1104.92306374
-1104.92065934
-1104.92392731
-1104.92346879
-1104.91958313
-1104.92272429
Null
-1104.92212741
-1104.92296802
-1104.91994208
-1104.92390084
-1104.91911103
-1104.92012726
-1104.91757880
-1104.92035462
-1104.92083547
-1104.91795620
-1104.92026193
-1104.92374095
-1104.92010714
-1104.92153724
-1104.92229938
-1104.91827765
-1104.92330076
-1104.92294006
-1104.92377566
-1104.92076790
-1104.92274249
-1104.91687567
-1104.92265097
Null
-1104.92036419
-1104.92243599
-1104.92152731
-1104.91927137
-1104.92274828
-1104.92207359
-1104.92305980
-1104.92355283
-1104.92340290
-1104.92139767
-1104.92387707
-1104.92163426
-1104.92264271
-1104.92360349
-1104.92192001
-1104.92165308
-1104.92067215
-1104.91101686
-1104.92066452
-1104.92368959
-1104.92172558
-1104.92208307
-1104.91783282
Null
-1104.92263741
-1104.91650956
-1104.92238761
-1104.92156048
-1104.92222129
-1104.91978742
-1104.92140123
-1104.92439745
-1104.92227851
-1104.92337553
-1104.92299763
-1104.91931498
-1104.92050055
-1104.92458837
-1104.92094501
-1104.92169689
-1104.91919488
-1104.91977334
-1104.92147441
-1104.92329371
-1104.92294445
-1104.92465522
-1104.92022034
Null
-1104.92501744
-1104.91911528
-1104.92272839
-1104.92290566
-1104.92002576
-1104.92358953
-1104.92350001
-1104.92113216
-1104.92150309
-1104.91983630
-1104.92345033
-1104.92086804
-1104.92418504
-1104.91949148
-1104.92299482
-1104.92171438
-1104.92211994
-1104.91950293
-1104.92188153
-1104.92137741
-1104.92086841
-1104.92005479
-1104.92179624
Null
-1104.92107245
-1104.91961577
-1104.92146774
-1104.92233106
-1104.92095199
-1104.92268948
-1104.92187037
-1104.92456922
-1104.92052124
-1104.92041382
-1104.91706812
-1104.92206828
-1104.92127583
-1104.92104169
-1104.92252779
-1104.92286475
-1104.92190885
-1104.91993764
-1104.92284857
-1104.92025292
-1104.92290204
-1104.91938264
-1104.92416785
Null
-1104.92074467
-1104.92239524
-1104.92268075
-1104.92221540
-1104.91981551
-1104.92101528
-1104.92081500
-1104.92354830
-1104.92337767
-1104.92295125
-1104.92281595
-1104.92440855
-1104.92218341
-1104.92012877
-1104.92276597
-1104.92231088
-1104.92302144
-1104.92138101
-1104.91905177
-1104.92019707
-1104.92302937
-1104.92333070
-1104.92207504
Null
-1104.92283194
-1104.92064912
-1104.92141440
-1104.91710932
-1104.91792738
-1104.92041492
-1104.92331750
-1104.92147945
-1104.92246272
-1104.92340230
-1104.92092720
-1104.92348442
-1104.92162565
-1104.92426635
-1104.92005635
-1104.92341062
-1104.92036624
-1104.92285865
-1104.92259227
-1104.92364858
-1104.91952984
-1104.91912348
-1104.92425541
Null
-1104.91904318
-1104.92323850
-1104.92262343
-1104.92157272
-1104.92183615
-1104.91961147
-1104.92282290
-1104.92100272
-1104.92353159
-1104.92067709
-1104.91253129
-1104.92392631
-1104.91554963
-1104.91831338
-1104.92323236
-1104.92295182
-1104.92176934
-1104.92159286
-1104.92397399
-1104.92414495
-1104.92214923
-1104.92124328
-1104.92134510
Null
-1104.91975028
-1104.92223917
-1104.92135296
-1104.92189864
-1104.92251984
-1104.92262955
-1104.92241251
-1104.92154112
-1104.92088262
-1104.92090152
-1104.92170105
-1104.91773693
-1104.92416380
-1104.92191699
-1104.91902052
-1104.91786114
-1104.92194375
-1104.92075936
-1104.92481906
-1104.91961691
-1104.92305530
-1104.92019165
-1104.91955431
Null
-1104.92355470
-1104.92057034
-1104.92188400
-1104.92320586
-1104.92126229
-1104.92185710
-1104.92177511
-1104.92210293
-1104.92102329
-1104.92113846
-1104.92235900
-1104.91989578
-1104.92215101
-1104.91649864
-1104.91834544
-1104.92139271
-1104.92171130
-1104.92407218
-1104.92190883
-1104.91859285
-1104.92211809
-1104.92048193
-1104.92472881
Null
-1104.92135227
-1104.92187211
-1104.92129303
-1104.91948082
-1104.92030542
-1104.92154883
-1104.92368808
-1104.92162324
-1104.91780833
-1104.92069635
-1104.91948807
-1104.92222377
-1104.92034806
-1104.92139229
-1104.92196179
-1104.91874204
-1104.92333853
-1104.92297806
-1104.92289078
-1104.92041958
-1104.92084535
-1104.92192297
-1104.92255577
Null
-1104.92145291
-1104.92414218
-1104.92453549
-1104.92333272
-1104.92216164
-1104.91942792
-1104.91832778
-1104.91910574
-1104.92082968
-1104.91992418
-1104.92248272
-1104.92186470
-1104.92387048
-1104.92326783
-1104.92246093
-1104.92037283
-1104.92179739
-1104.92254505
-1104.92429864
-1104.92229117
-1104.92233754
-1104.92371529
-1104.91875106
Null
-1104.92221222
-1104.91708275
-1104.92317671
-1104.92023148
-1104.91968690
-1104.92214698
-1104.92011467
-1104.92270859
-1104.92300189
-1104.92034720
-1104.92255111
-1104.92210068
-1104.92453944
-1104.92427330
-1104.92044501
-1104.92312865
-1104.92172640
-1104.91878373
-1104.92280509
-1104.92170162
-1104.92396943
-1104.92124231
-1104.92238229
Null
-1104.92223154
-1104.91982216
-1104.92466938
-1104.92180162
-1104.92143966
-1104.92287881
-1104.92198689
-1104.92329375
-1104.92445509
-1104.91997485
-1104.92131346
-1104.92304053
-1104.92058415
-1104.91806416
-1104.92223467
-1104.92114946
-1104.92265654
-1104.92071938
-1104.92314982
-1104.92256705
-1104.91704969
-1104.92297870
-1104.92010755
Null
-1104.92155446
-1104.92070452
-1104.92124255
-1104.92182976
-1104.92280325
-1104.90966313
-1104.91601173
-1104.91779587
-1104.92345786
-1104.92158484
-1104.92310070
-1104.92003570
-1104.92419680
-1104.92110466
-1104.91926921
-1104.92242736
-1104.92000284
-1104.92404180
-1104.92502836
-1104.92110232
-1104.92057592
-1104.92079496
-1104.92236219
Null
-1104.91890107
-1104.92498849
-1104.92363773
-1104.92541976
-1104.92091005
-1104.92244912
-1104.92181870
-1104.91808510
-1104.92017206
-1104.92190384
-1104.92464636
-1104.92313771
-1104.91929302
-1104.92359685
-1104.92363268
-1104.92371426
-1104.92099510
-1104.92279492
-1104.91996930
-1104.92465058
-1104.92139971
-1104.92224108
-1104.92321965
Null
-1104.92482282
-1104.92132540
-1104.92268109
-1104.92399179
-1104.92311142
-1104.92491411
-1104.92314124
-1104.92133895
-1104.92229123
-1104.92222489
-1104.92284935
-1104.92244482
-1104.92197380
-1104.92263668
-1104.92402862
-1104.91960726
-1104.92405436
-1104.92031030
-1104.92346189
-1104.92464032
-1104.91785477
-1104.92230264
-1104.92146554
Null
-1104.91977898
-1104.91897077
-1104.92355038
-1104.92193588
-1104.92219421
-1104.92266799
-1104.92255972
-1104.92291133
-1104.92338738
-1104.92059561
-1104.92272377
-1104.92405306
-1104.91974696
-1104.92061197
-1104.92105033
-1104.92303652
-1104.92066802
-1104.92003406
-1104.91829242
-1104.92161418
-1104.92038148
-1104.92268922
-1104.92038061
Null
-1104.92066519
-1104.92256630
-1104.92146205
-1104.92354732
-1104.92220779
-1104.92249548
-1104.92164133
-1104.92107306
-1104.92061431
-1104.92098315
-1104.92284131
-1104.92018874
-1104.92146501
-1104.92394757
-1104.92022309
-1104.92363949
-1104.92258400
-1104.92054189
-1104.92028677
-1104.92463029
-1104.92054696
-1104.92033158
-1104.92320255
Null
-1104.92349303
-1104.92031652
-1104.92023084
-1104.92266594
-1104.92317594
-1104.92121256
-1104.92146696
-1104.92097506
-1104.92179625
-1104.92017505
-1104.92118466
-1104.92202705
-1104.92281481
-1104.92176571
-1104.92052328
-1104.92340259
-1104.92149790
-1104.92017547
-1104.92286811
-1104.92119097
-1104.92143495
-1104.92287375
-1104.91740041
Null
-1104.91815395
-1104.91905730
-1104.92433897
-1104.92217121
-1104.91910880
-1104.92207489
-1104.92207520
-1104.92432328
-1104.92091157
-1104.92323805
-1104.92113444
-1104.92347003
-1104.91785331
-1104.92206550
-1104.91781245
-1104.92289928
-1104.92191135
-1104.92271188
-1104.92428566
-1104.92048249
-1104.92237209
-1104.92434335
-1104.91961787
Null
-1104.91997347
-1104.92159103
-1104.91781363
-1104.92197309
-1104.92219121
-1104.92235870
-1104.92164192
-1104.92170104
-1104.92435836
-1104.92419622
-1104.92128786
-1104.92178071
-1104.92077669
-1104.91875736
-1104.91942270
-1104.92161034
-1104.92254055
-1104.92440400
-1104.92206869
-1104.92056490
-1104.92136705
-1104.92197311
-1104.92022246
Null
-1104.92190629
-1104.92067647
-1104.92080321
-1104.92298072
-1104.92329299
-1104.92048741
-1104.92042436
-1104.92435145
-1104.92188838
-1104.92341568
-1104.91770557
-1104.92199767
-1104.92087969
-1104.92302754
-1104.92344105
-1104.92110262
-1104.92253973
-1104.92145415
-1104.92360716
-1104.91882781
-1104.92240748
-1104.92319665
-1104.92222219
Null
-1104.92090975
-1104.92134861
-1104.92193089
-1104.92467342
-1104.92198281
-1104.92002696
-1104.92201939
-1104.92301715
-1104.92070156
-1104.92290254
-1104.92055429
-1104.92086389
-1104.92399152
-1104.92177087
-1104.92074915
-1104.92280489
-1104.92189909
-1104.91946104
-1104.92207427
-1104.92163972
-1104.91984833
-1104.92138414
-1104.92060029
Null
-1104.92461582
-1104.91903433
-1104.91960808
-1104.91586077
-1104.92268617
-1104.92060803
-1104.92130999
-1104.91966735
-1104.92196799
-1104.92271472
-1104.92099774
-1104.92292447
-1104.92377636
-1104.92322406
-1104.92095226
-1104.92426360
-1104.92325482
-1104.92024734
-1104.92335044
-1104.91762776
-1104.91912609
-1104.91952260
-1104.92286746
Null
-1104.91983764
-1104.91737391
-1104.91779312
-1104.92416503
-1104.92194311
-1104.91951859
-1104.92094155
-1104.91963380
-1104.92106344
-1104.92238831
-1104.91345088
-1104.92219495
-1104.92247425
-1104.92211751
-1104.91953014
-1104.92320391
-1104.92162227
-1104.92113227
-1104.92474513
-1104.92276031
-1104.91930570
-1104.92087674
-1104.91766810
Null
-1104.92332926
-1104.92429280
-1104.92087184
-1104.91873353
-1104.92086959
-1104.92402931
-1104.92343657
-1104.92063816
-1104.92255784
-1104.92203924
-1104.92449351
-1104.92060054
-1104.92101198
-1104.91996076
-1104.92008898
-1104.92413439
-1104.91633575
-1104.92372198
-1104.92130917
-1104.92418855
-1104.92274043
-1104.92364201
-1104.92149265
Null
-1104.92107270
-1104.91975209
-1104.92074377
-1104.92280154
-1104.92276213
-1104.91929788
-1104.92551266
-1104.92113040
-1104.92004797
-1104.92272846
-1104.92145424
-1104.92268848
-1104.91929413
-1104.91948464
-1104.92061654
-1104.92133833
-1104.91996833
-1104.91611271
-1104.92068001
-1104.91960612
-1104.92232188
-1104.92284420
-1104.92327877
Null
-1104.92320162
-1104.92122995
-1104.92312169
-1104.92149721
-1104.92210510
-1104.92279535
-1104.91745547
-1104.92438048
-1104.92337290
-1104.92359482
-1104.92302939
-1104.92067308
-1104.92256831
-1104.92291055
-1104.92137998
-1104.92113387
-1104.92082166
-1104.92236630
-1104.92112403
-1104.91627851
-1104.92189382
-1104.92199703
-1104.92216789
Null
-1104.92493441
-1104.92342488
-1104.92241621
-1104.92141525
-1104.92195863
-1104.92235788
-1104.92392336
-1104.91851383
-1104.92269889
-1104.91906119
-1104.92220399
-1104.92067942
-1104.91949307
-1104.92260865
-1104.92081157
-1104.91983349
-1104.92116818
-1104.92237618
-1104.92298945
-1104.91567079
-1104.92384098
-1104.91709999
-1104.92289284
Null
-1104.91846177
-1104.92037664
-1104.92383531
-1104.91722768
-1104.92365204
-1104.92142961
-1104.92231920
-1104.91975955
-1104.92273167
-1104.92048312
-1104.92169623
-1104.91922580
-1104.92147536
-1104.92103013
-1104.92366885
-1104.92389103
-1104.92029217
-1104.92435677
-1104.92171889
-1104.92344293
-1104.91900955
-1104.92099761
-1104.92365595
Null
-1104.92178351
-1104.92230805
-1104.92215816
-1104.92072692
-1104.92304724
-1104.92263535
-1104.92429451
-1104.92100007
-1104.92354828
-1104.92088364
-1104.92424206
-1104.92488331
-1104.92069632
-1104.92123838
-1104.92385140
-1104.92346469
-1104.92129834
-1104.92244090
-1104.91873956
-1104.92355230
-1104.92087578
-1104.92431626
-1104.92183931
Null
-1104.91991281
-1104.92181135
-1104.92058295
-1104.92082473
-1104.92376609
-1104.92163093
-1104.92421412
-1104.92123042
-1104.92222274
-1104.91924701
-1104.92317457
-1104.92124712
-1104.92252509
-1104.92177844
-1104.92181661
-1104.92260773
-1104.92282147
-1104.92335134
-1104.92153720
-1104.92313144
-1104.92311075
-1104.92091893
-1104.91967451
Null
-1104.92215491
-1104.92105847
-1104.91699822
-1104.91966076
-1104.92095693
-1104.92241160
-1104.92267953
-1104.92466859
-1104.91788999
-1104.92111314
-1104.92079506
-1104.92178087
-1104.92336041
-1104.92437109
-1104.92116221
-1104.92347814
-1104.92173168
-1104.91659401
-1104.92007263
-1104.91896942
-1104.92294449
-1104.92251148
-1104.92404492
Null
-1104.92141632
-1104.92341309
-1104.92063253
-1104.92206745
-1104.92169484
-1104.92197748
-1104.92228741
-1104.92249064
-1104.92184346
-1104.92220238
-1104.92077000
-1104.92024983
-1104.92025207
-1104.92278721
-1104.91900133
-1104.92079298
-1104.92038101
-1104.92249165
-1104.92333421
-1104.92166622
-1104.92219630
-1104.92419216
-1104.92312992
Null
-1104.92149488
-1104.92244149
-1104.92051656
-1104.92217946
-1104.92131541
-1104.92176109
-1104.92110803
-1104.92215617
-1104.91991237
-1104.92350332
-1104.92280584
-1104.92163206
-1104.92079414
-1104.92442372
-1104.92117401
-1104.92197862
-1104.92339057
-1104.92003938
-1104.92151133
-1104.92362260
-1104.92419442
-1104.92215213
-1104.91944335
Null
-1104.92240337
-1104.91974135
-1104.92322742
-1104.92420999
-1104.92224513
-1104.92229092
-1104.92075570
-1104.91835414
-1104.92144880
-1104.92200013
-1104.92054705
-1104.92193497
-1104.91810031
-1104.92319499
-1104.92131543
-1104.92118298
-1104.92325492
-1104.92028844
-1104.92423939
-1104.92281852
-1104.92460672
-1104.92420301
-1104.91783009
Null
-1104.92133632
-1104.92198866
-1104.92307022
-1104.92380634
-1104.92050356
-1104.92316516
-1104.92090379
-1104.92169666
-1104.92202911
-1104.92129307
-1104.92103626
-1104.92018160
-1104.92466684
-1104.91924967
-1104.92009422
-1104.92224733
-1104.92130125
-1104.92089740
-1104.92111395
-1104.92455233
-1104.92024757
-1104.92032324
-1104.92087989
Null
-1104.92246209
-1104.92083877
-1104.92340250
-1104.92347362
-1104.92018031
-1104.92148061
-1104.91917963
-1104.92366704
-1104.92292426
-1104.92449868
-1104.91965387
-1104.92155476
-1104.92185161
-1104.91820371
-1104.92195021
-1104.92053193
-1104.91948948
-1104.92260687
-1104.92076920
-1104.91866897
-1104.91967015
-1104.92349061
-1104.92070077
Null
-1104.92179748
-1104.92285880
-1104.92042139
-1104.92157013
-1104.92205713
-1104.92317010
-1104.92069091
-1104.92157817
-1104.92003373
-1104.91568909
-1104.92243266
-1104.92327933
-1104.92165418
-1104.91901215
-1104.92156462
-1104.92066340
-1104.92185281
-1104.92162299
-1104.92084355
-1104.92279132
-1104.92041970
-1104.92312507
-1104.92014242
Null
-1104.92245071
-1104.92203586
-1104.92369139
-1104.92193268
-1104.92082530
-1104.91706368
-1104.92349684
-1104.92413958
-1104.92320456
-1104.92026726
-1104.92318407
-1104.92260077
-1104.92156378
-1104.92310755
-1104.92414968
-1104.92304578
-1104.92015220
-1104.92121612
-1104.92415374
-1104.92229021
-1104.92171572
-1104.92183136
-1104.92420035
Null
-1104.92285582
-1104.92237753
-1104.92166240
-1104.92315101
-1104.92328043
-1104.92081192
-1104.92417914
-1104.92326019
-1104.92150391
-1104.92149419
-1104.92084655
-1104.92274446
-1104.92034537
-1104.92080021
-1104.92009019
-1104.92314048
-1104.92191350
-1104.92001971
-1104.92328806
-1104.92236212
-1104.91879212
-1104.92047878
-1104.92390236
Null
-1104.92342458
-1104.92129376
-1104.92080287
-1104.91754895
-1104.92086786
-1104.92170547
-1104.91981981
-1104.92287762
-1104.92249727
-1104.92258587
-1104.92215617
-1104.91985065
-1104.92204204
-1104.92340056
-1104.91756271
-1104.92012274
-1104.92156152
-1104.92118832
-1104.92195201
-1104.92330949
-1104.92219110
-1104.91996858
-1104.91710947
Null
-1104.92221867
-1104.92376624
-1104.92443142
-1104.92350075
-1104.92340500
-1104.92327497
-1104.91998295
-1104.92195952
-1104.92230425
-1104.92231973
-1104.92120014
-1104.92262934
-1104.92289257
-1104.92116018
-1104.92321853
-1104.91625653
-1104.92273864
-1104.92386316
-1104.92382749
-1104.92414920
-1104.92281146
-1104.92332625
-1104.92323932
Null
-1104.92195469
-1104.92051565
-1104.92251754
-1104.92233764
-1104.92236046
-1104.92201470
-1104.92082221
-1104.91863258
-1104.92378884
-1104.92055533
-1104.92271392
-1104.92041011
-1104.92310392
-1104.91424051
-1104.92129508
-1104.92186426
-1104.92504416
-1104.92460214
-1104.92555404
-1104.91861072
-1104.92450013
-1104.91747696
-1104.92203119
Null
-1104.92335623
-1104.91946786
-1104.92179400
-1104.92348680
-1104.92017645
-1104.92378809
-1104.91775666
-1104.92029640
-1104.92221360
-1104.92188427
-1104.91862632
-1104.92243731
-1104.92241601
-1104.92083492
-1104.92276640
-1104.92250689
-1104.91949689
-1104.92182154
-1104.91770378
-1104.92186611
-1104.91930168
-1104.92257132
-1104.91790519
Null
-1104.92151502
-1104.92077395
-1104.92194826
-1104.92259753
-1104.92339637
-1104.91940899
-1104.92215954
-1104.92059359
-1104.91865417
-1104.92124494
-1104.92314896
-1104.92328458
-1104.92240953
-1104.92036147
-1104.92057988
-1104.92212861
-1104.92550494
-1104.92330714
-1104.92177237
-1104.92076484
-1104.92392580
-1104.92340940
-1104.92156995
Null
-1104.92002459
-1104.92213069
-1104.92275006
-1104.92288164
-1104.92181316
-1104.92306169
-1104.92186046
-1104.91219639
-1104.91485940
-1104.92241107
-1104.92076332
-1104.91978157
-1104.91700123
-1104.91934454
-1104.92180249
-1104.92296641
-1104.91740140
-1104.91504704
-1104.92247467
-1104.92082279
-1104.92275109
-1104.91838550
-1104.92297421
Null
-1104.92201459
-1104.92059286
-1104.92096426
-1104.92044523
-1104.92196444
-1104.91946090
-1104.92138198
-1104.92390977
-1104.92229286
-1104.92192135
-1104.92329274
-1104.91701540
-1104.92182991
-1104.92171377
-1104.91994957
-1104.91999521
-1104.92114198
-1104.92186780
-1104.92467983
-1104.92363227
-1104.92284450
-1104.92327929
-1104.91558521
Null
-1104.92366872
-1104.92239025
-1104.92049714
-1104.92264886
-1104.92116469
-1104.92210371
-1104.92260879
-1104.92234394
-1104.92215482
-1104.92178896
-1104.92252320
-1104.92445254
-1104.92117094
-1104.92384141
-1104.92182885
-1104.92335946
-1104.92276420
-1104.92090426
-1104.92434353
-1104.91939520
-1104.92234294
-1104.92425572
-1104.91812584
Null
-1104.92009187
-1104.91904938
-1104.92170654
-1104.91948384
-1104.92266499
-1104.92070511
-1104.92300621
-1104.92239114
-1104.92207406
-1104.92035379
-1104.92445066
-1104.91951760
-1104.92225262
-1104.91999102
-1104.92164026
-1104.92012039
-1104.92080460
-1104.92263310
-1104.91942096
-1104.92015070
-1104.92135141
-1104.92365675
-1104.91650512
Null
-1104.92375565
-1104.92321915
-1104.92317011
-1104.92253252
-1104.92129049
-1104.92255372
-1104.92241019
-1104.92388568
-1104.92059634
-1104.92231942
-1104.92441702
-1104.92077730
-1104.92355597
-1104.91948150
-1104.91945845
-1104.92020264
-1104.92393137
-1104.92020349
-1104.92207640
-1104.91748514
-1104.92072935
-1104.92224835
-1104.92486107
Null
-1104.92345971
-1104.91869185
-1104.92273671
-1104.92311555
-1104.92315229
-1104.92400679
-1104.92199360
-1104.92157197
-1104.92098413
-1104.92334978
-1104.92059874
-1104.92190541
-1104.92252105
-1104.92142081
-1104.91831844
-1104.92342298
-1104.92135373
-1104.92153306
-1104.92242660
-1104.92246407
-1104.92218436
-1104.92140954
-1104.91871254
Null
-1104.92178995
-1104.92226191
-1104.92356083
-1104.92446589
-1104.92287039
-1104.92324366
-1104.92205587
-1104.92164479
-1104.92391459
-1104.92356135
-1104.92166651
-1104.92052128
-1104.92403126
-1104.91542299
-1104.92308872
-1104.92239475
-1104.91946217
-1104.92194058
-1104.92210709
-1104.91947386
-1104.92004356
-1104.92355390
-1104.92040427
Null
-1104.92344345
-1104.92202432
-1104.92059292
-1104.92282789
-1104.92309816
-1104.92097122
-1104.91951587
-1104.92188841
-1104.92105809
-1104.92041518
-1104.92056438
-1104.92244759
-1104.92173256
-1104.91767250
-1104.92244039
-1104.92185425
-1104.92200028
-1104.92060312
-1104.92255680
-1104.92288953
-1104.92114422
-1104.92110347
-1104.92347203
Null
