-1897.01220651
-1897.01522042
-1897.01472388
-1897.02074743
-1897.01976068
-1897.01295316
-1897.01464306
-1897.01647027
-1897.01811489
-1897.01115443
-1897.01904423
-1897.01696121
-1897.00877688
-1897.01882428
-1897.01600306
-1897.01530512
-1897.01341610
-1897.01641258
-1897.01530082
-1897.01525358
-1897.01899514
-1897.01205915
-1897.01580158
-1897.01454787
-1897.01716407
-1897.01406766
-1897.01557866
-1897.01875567
-1897.01781471
-1897.01749582
-1897.02084485
-1897.01760195
-1897.01004856
-1897.01995087
-1897.01742053
-1897.01500435
-1897.01182393
-1897.01885456
-1897.01623411
-1897.00923049
-1897.01446818
-1897.01151054
-1897.01307595
-1897.01315751
-1897.01214893
-1897.01350752
-1897.01354118
-1897.01770178
-1897.01832099
-1897.01001050
-1897.01868581
-1897.02217669
-1897.01846584
-1897.01977181
-1897.01376097
-1897.02092432
-1897.01756338
-1897.01582531
-1897.01619294
-1897.01514569
-1897.01773758
-1897.02154921
-1897.01704875
-1897.01659936
-1897.01567784
-1897.00843806
-1897.01451264
-1897.01328769
-1897.01465668
-1897.01306567
-1897.01993960
-1897.01523702
-1897.01436647
-1897.01763904
-1897.01990792
-1897.01723423
-1897.01533459
-1897.02014906
-1897.02008640
-1897.02199325
-1897.01391011
-1897.02091679
-1897.01909265
-1897.01948353
-1897.01174396
-1897.01709500
-1897.01558613
-1897.01754482
-1897.01464351
-1897.01667496
-1897.01283950
-1897.00557544
-1897.01930499
-1897.01892425
-1897.01857935
-1897.01305755
-1897.01660290
-1897.01528474
-1897.02101991
-1897.01870176
-1897.01131042
-1897.01030875
-1897.01913805
-1897.01256185
-1897.02023395
-1897.01694572
-1897.01802754
-1897.01473973
-1897.01213922
-1897.01685256
-1897.01661114
-1897.01926818
-1897.02074103
-1897.01281084
-1897.01685301
-1897.01789666
-1897.01905473
-1897.01645584
-1897.01292070
-1897.01888258
-1897.01539764
-1897.00634767
-1897.02043007
-1897.01976999
-1897.01665337
-1897.01459434
-1897.01673672
-1897.01994393
-1897.01837156
-1897.01648472
-1897.01410663
-1897.01668218
-1897.01582835
-1897.01753982
-1897.01961671
-1897.01781625
-1897.00789462
-1897.01995155
-1897.00722724
-1897.01302779
-1897.00807406
-1897.01745760
-1897.00838373
-1897.01918292
-1897.01603270
-1897.01797909
-1897.01399178
-1897.01468293
-1897.01627662
-1897.02068416
-1897.01522362
-1897.01297908
-1897.01391248
-1897.01740314
-1897.01855787
-1897.01108669
-1897.01601383
-1897.01892897
-1897.01693498
-1897.01374061
-1897.01464250
-1897.02196014
-1897.01670110
-1897.01508645
-1897.01874208
-1897.01786430
-1897.00836167
-1897.01441909
-1897.01879433
-1897.02090429
-1897.01059788
-1897.02093674
-1897.00949059
-1897.01680779
-1897.01730844
-1897.01857554
-1897.01800128
-1897.01515829
-1897.01200881
-1897.01568020
-1897.01223571
-1897.02041720
-1897.00958122
-1897.01291480
-1897.01360946
-1897.01710383
-1897.01412670
-1897.01291856
-1897.01353745
-1897.01566348
-1897.01305246
-1897.00882664
-1897.01397016
-1897.01958504
-1897.01311351
-1897.01507836
-1897.01516428
-1897.01785782
-1897.01644639
-1897.01425194
-1897.01679093
-1897.01603858
-1897.01602991
-1897.01757311
-1897.01711078
-1897.01378498
-1897.01849435
-1897.01839044
-1897.01420055
-1897.01240803
-1897.01482762
-1897.01612720
-1897.01537886
-1897.01326714
-1897.01443839
-1897.01739045
-1897.01040591
-1897.01554967
-1897.02146735
-1897.01087523
-1897.01961562
-1897.01608234
-1897.01261612
-1897.01487840
-1897.01597834
-1897.01375838
-1897.01704750
-1897.01027352
-1897.00682956
-1897.01608558
-1897.01328900
-1897.01580434
-1897.01171380
-1897.01572290
-1897.01720626
-1897.01707703
-1897.02092633
-1897.01401373
-1897.01655150
-1897.01437978
-1897.02083240
-1897.01170660
-1897.01073169
-1897.01563069
-1897.01650784
-1897.01769456
-1897.01619811
-1897.01955581
-1897.01466434
-1897.01411430
-1897.00899255
-1897.01131950
-1897.00823575
-1897.02006584
-1897.00847118
-1897.01498508
-1897.01605325
-1897.01239160
-1897.01562758
-1897.02034091
-1897.01717549
-1897.01621080
-1897.01801234
-1897.02059584
-1897.01659564
-1897.01567353
-1897.01454580
-1897.02032809
-1897.01455647
-1897.01744368
-1897.01537529
-1897.01548357
-1897.00821496
-1897.01115272
-1897.01752460
-1897.01302512
-1897.01517891
-1897.01658885
-1897.01121190
-1897.01905725
-1897.01604954
-1897.00640211
-1897.00937176
-1897.01296212
-1897.01958397
-1897.01745684
-1897.01517582
-1897.01728173
-1897.01557262
-1897.01721770
-1897.01456533
-1897.00909044
-1897.01592896
-1897.01510300
-1897.00581748
-1897.01670267
-1897.02102913
-1897.01547339
-1897.00848596
-1897.01919159
