-1897.01640055
-1897.01701587
-1897.01513311
-1897.01089764
-1897.01510248
-1897.00927297
-1897.01253923
-1897.01599433
-1897.02025346
-1897.01677067
-1897.01511136
-1897.01638864
-1897.02392209
-1897.01064929
-1897.01112207
-1897.01345255
-1897.01355129
-1897.01551732
-1897.02056105
-1897.01570411
-1897.01160391
-1897.01664983
-1897.01667327
-1897.01752250
-1897.01390587
-1897.01674795
-1897.01412017
-1897.01968802
-1897.01677442
-1897.01864953
-1897.02036566
-1897.01141855
-1897.01584758
-1897.01417621
-1897.00887707
-1897.01922882
-1897.01207192
-1897.01442357
-1897.00675453
-1897.02048514
-1897.01726433
-1897.00842536
-1897.01425668
-1897.01517048
-1897.01668585
-1897.01713833
-1897.01705941
-1897.01827188
-1897.01649531
-1897.01996542
-1897.01314512
-1897.01316947
-1897.01476402
-1897.01352314
-1897.01873595
-1897.01365951
-1897.01833372
-1897.01663056
-1897.01795952
-1897.01218850
-1897.01373112
-1897.01443885
-1897.01504913
-1897.01667241
-1897.01826011
-1897.01637151
-1897.01569340
-1897.01646640
-1897.01608092
-1897.01010169
-1897.01690846
-1897.01827380
-1897.01390719
-1897.01714171
-1897.01104449
-1897.00886384
-1897.02006354
-1897.01618457
-1897.01809518
-1897.00814286
-1897.01597380
-1897.01735721
-1897.00668330
-1897.01762546
-1897.01244711
-1897.01914311
-1897.01298533
-1897.02183945
-1897.01247969
-1897.01716766
-1897.01085518
-1897.01045374
-1897.01896108
-1897.01918776
-1897.01640902
-1897.01815609
-1897.02246454
-1897.01488574
-1897.01478922
-1897.01530362
-1897.00976329
-1897.01450123
-1897.01918595
-1897.01287471
-1897.01731426
-1897.01680093
-1897.02090323
-1897.02318272
-1897.01482559
-1897.01311548
-1897.01527708
-1897.01690815
-1897.01004503
-1897.01652769
-1897.01948744
-1897.01125979
-1897.01548238
-1897.01738896
-1897.01226901
-1897.01415193
-1897.01619239
-1897.01420073
-1897.01935468
-1897.01464016
-1897.01794547
-1897.01384526
-1897.01439971
-1897.00726988
-1897.01060434
-1897.01706139
-1897.01622057
-1897.01548413
-1897.02128022
-1897.01399673
-1897.01813521
-1897.01132946
-1897.01587247
-1897.01929327
-1897.01831075
-1897.01596343
-1897.01203868
-1897.01532889
-1897.01294262
-1897.01515419
-1897.00783484
-1897.01765696
-1897.00937059
-1897.01020015
-1897.01063215
-1897.01542229
-1897.01283037
-1897.01243764
-1897.01632180
-1897.01463633
-1897.01331767
-1897.01482169
-1897.01026892
-1897.00800200
-1897.01626851
-1897.01308230
-1897.01970395
-1897.01954016
-1897.01817377
-1897.02017235
-1897.01215464
-1897.02080413
-1897.01759680
-1897.01072988
-1897.01968683
-1897.01882048
-1897.01681236
-1897.01118905
-1897.01618971
-1897.01239328
-1897.01476142
-1897.01476911
-1897.01673128
-1897.02102280
-1897.01738836
-1897.01765917
-1897.01548315
-1897.00827005
-1897.01247175
-1897.02058521
-1897.01364508
-1897.01792272
-1897.01906936
-1897.01165233
-1897.01602866
-1897.01671711
-1897.01364695
-1897.02300385
-1897.02036211
-1897.01438078
-1897.01001352
-1897.02091800
-1897.02104749
-1897.01668245
-1897.01386348
-1897.01173208
-1897.01253278
-1897.01114993
-1897.01824821
-1897.01071471
-1897.02051743
-1897.01513078
-1897.02048969
-1897.01014131
-1897.01575948
-1897.01482413
-1897.01335799
-1897.01318328
-1897.01785424
-1897.01548911
-1897.01177993
-1897.01346143
-1897.01175871
-1897.02000256
-1897.02045095
-1897.00772059
-1897.01457383
-1897.01057917
-1897.01216747
-1897.01900371
-1897.01584504
-1897.01214777
-1897.01648556
-1897.01767461
-1897.01070808
-1897.01079405
-1897.01076676
-1897.01309782
-1897.01503014
-1897.01388603
-1897.01261286
-1897.01110156
-1897.01057928
-1897.00786834
-1897.01347695
-1897.01506565
-1897.01413596
-1897.01829341
-1897.01631621
-1897.01610413
-1897.01823819
-1897.01360769
-1897.02028908
-1897.01360329
-1897.01974786
-1897.02239870
-1897.01084281
-1897.01349981
-1897.01036374
-1897.01458188
-1897.01199167
-1897.01365350
-1897.01608467
-1897.01500548
-1897.01787339
-1897.01560009
-1897.01574838
-1897.01571146
-1897.01809993
-1897.01482911
-1897.01276210
-1897.01598925
-1897.01954911
-1897.00872098
-1897.01738525
-1897.01243114
-1897.01161603
-1897.01303475
-1897.01110058
-1897.01203050
-1897.01763970
-1897.01816606
-1897.01665956
-1897.01406566
-1897.01909529
-1897.00929601
-1897.01649386
-1897.01802177
-1897.02152219
-1897.01743073
-1897.01255151
-1897.01495841
-1897.01167914
-1897.02076772
-1897.01833255
-1897.01659074
-1897.01962080
-1897.01170338
-1897.01459007
-1897.01677382
-1897.01180994
-1897.01113465
-1897.01735221
-1897.00988728
-1897.01525539
-1897.00823315
