-1290.70490584
-1290.70754325
-1290.70772276
-1290.70572401
-1290.70479092
-1290.70550521
-1290.70477927
-1290.70758640
-1290.70632201
-1290.70337636
-1290.70779008
-1290.70327583
-1290.70518565
-1290.69996124
-1290.70672061
-1290.70323596
-1290.70072807
-1290.70692149
-1290.70633143
-1290.70323478
-1290.70675080
-1290.70100195
-1290.70439531
-1290.70642663
-1290.70699668
-1290.70689859
-1290.70458326
-1290.69905800
-1290.70576188
-1290.70441722
-1290.70783898
-1290.70439352
-1290.70307596
-1290.70695881
-1290.70145536
-1290.70614726
-1290.70766037
-1290.70393253
-1290.70626694
-1290.70216508
-1290.70571349
-1290.70649402
-1290.70116832
-1290.70685601
-1290.70418888
-1290.70630229
-1290.70365826
-1290.70191966
-1290.70271198
-1290.69922679
-1290.70181914
-1290.70105631
-1290.70474792
-1290.70825033
-1290.70222373
-1290.70724322
-1290.70804481
-1290.70548952
-1290.70696631
-1290.70281931
-1290.70333699
-1290.70092080
-1290.70554933
-1290.70961917
-1290.70675869
-1290.70476086
-1290.70467853
-1290.70581266
-1290.70678862
-1290.70436045
-1290.70057144
-1290.69984982
-1290.70528995
-1290.70463750
-1290.70611184
-1290.70517998
-1290.70654625
-1290.70577228
-1290.70346452
-1290.70690054
-1290.70225596
-1290.70284471
-1290.70764005
-1290.70479840
-1290.70306458
-1290.70822062
-1290.70644201
-1290.70768768
-1290.70782545
-1290.70630842
-1290.70584311
-1290.70398024
-1290.69833343
-1290.70537532
-1290.70703723
-1290.70467764
-1290.70424676
-1290.70455118
-1290.70548605
-1290.70563836
-1290.70057250
-1290.70337603
-1290.70661823
-1290.70582772
-1290.70680449
-1290.70433350
-1290.70671455
-1290.70405411
-1290.70420052
-1290.69972594
-1290.70757283
-1290.70566950
-1290.70788674
-1290.70655735
-1290.70583679
-1290.70542801
-1290.69902437
-1290.70092589
-1290.70520618
-1290.70647462
-1290.70759416
-1290.70860667
-1290.70684272
-1290.70131825
-1290.70750024
-1290.70692469
-1290.70419757
-1290.70866646
-1290.70592941
-1290.70614851
-1290.70772355
-1290.70769692
-1290.70391312
-1290.70503618
-1290.70200633
-1290.69760263
-1290.70192097
-1290.70600627
-1290.70127982
-1290.70321281
-1290.70364972
-1290.70638581
-1290.70618813
-1290.70630619
-1290.70769390
-1290.70148194
-1290.70379953
-1290.70547136
-1290.70484614
-1290.70356871
-1290.70207857
-1290.70536976
-1290.70609420
-1290.70034778
-1290.70786808
-1290.70882370
-1290.70252049
-1290.70702404
-1290.70572425
-1290.70744092
-1290.70591795
-1290.70790047
-1290.70363965
-1290.70232936
-1290.70494215
-1290.70580291
-1290.70626710
-1290.69893952
-1290.70552998
-1290.70305378
-1290.70384813
-1290.70398224
-1290.70308077
-1290.70317783
-1290.70594938
-1290.70690941
-1290.70268797
-1290.70411202
-1290.70440520
-1290.70254521
-1290.70778528
-1290.70639944
-1290.70795702
-1290.70865665
-1290.70463177
-1290.70832301
-1290.70352081
-1290.70309063
-1290.70365447
-1290.70510480
-1290.70829330
-1290.70376641
-1290.70410826
-1290.70814480
-1290.70738632
-1290.70091757
-1290.70154739
-1290.70696831
-1290.70686710
-1290.70131632
-1290.70808027
-1290.70804301
-1290.70195204
-1290.70759510
-1290.70569690
-1290.70444530
-1290.70383535
-1290.70520703
-1290.70420805
-1290.70759005
-1290.70145271
-1290.70704016
-1290.70741734
-1290.69990031
-1290.70323998
-1290.70586727
-1290.70388908
-1290.69913299
-1290.70729814
-1290.70856443
-1290.70189471
-1290.70616337
-1290.70792444
-1290.70517670
-1290.70660989
-1290.70404168
-1290.70430911
-1290.70370417
-1290.70508598
-1290.70656771
-1290.70187346
-1290.70338766
-1290.70490272
-1290.70452010
-1290.70747515
-1290.70675468
-1290.70766889
-1290.70454707
-1290.70578112
-1290.70679902
-1290.70629231
-1290.70309615
-1290.70540936
-1290.70662458
-1290.70643601
-1290.70580230
-1290.70432061
-1290.70165432
-1290.70680384
-1290.70671809
-1290.70660026
-1290.70421798
-1290.70720460
-1290.70271880
-1290.70583976
-1290.70652511
-1290.70727837
-1290.70064914
-1290.70517915
-1290.70528552
-1290.70366714
-1290.70505366
-1290.70202781
-1290.70710213
-1290.70363923
-1290.70625983
-1290.70682934
-1290.70505763
-1290.70682526
-1290.70280660
-1290.70786967
-1290.70797431
-1290.70032639
-1290.70741783
-1290.70514097
-1290.70254599
-1290.69977480
-1290.70786722
-1290.69931404
-1290.70644236
-1290.70643887
-1290.70143189
-1290.69438550
-1290.70830867
-1290.70212034
-1290.70365558
-1290.70801592
-1290.70550509
-1290.70493181
-1290.70928411
-1290.70313119
-1290.70605216
-1290.70569027
-1290.70648346
-1290.70408931
-1290.70536964
-1290.70838244
-1290.70422827
-1290.70612346
-1290.70555269
