-1290.70707368
-1290.70489371
-1290.70734884
-1290.70489397
-1290.70707051
-1290.70398597
-1290.70644670
-1290.70641441
-1290.70229340
-1290.70547833
-1290.70441234
-1290.70558930
-1290.70527453
-1290.70558057
-1290.70235429
-1290.70338267
-1290.70677697
-1290.70652263
-1290.70677600
-1290.70542453
-1290.70142971
-1290.69926080
-1290.70517771
-1290.70644433
-1290.70521057
-1290.70583461
-1290.69445774
-1290.70820217
-1290.70749597
-1290.69823533
-1290.70726839
-1290.70571751
-1290.70059624
-1290.70566743
-1290.70736615
-1290.70833550
-1290.70422635
-1290.70712777
-1290.70662761
-1290.70626768
-1290.70411095
-1290.70560551
-1290.70781848
-1290.70596412
-1290.70409856
-1290.70692002
-1290.70298312
-1290.70618593
-1290.70083028
-1290.70602156
-1290.70360080
-1290.69965785
-1290.70701910
-1290.70374102
-1290.70596231
-1290.70694866
-1290.70340431
-1290.70819206
-1290.70510750
-1290.70545266
-1290.70457443
-1290.70659208
-1290.69981590
-1290.70467618
-1290.70684905
-1290.70481674
-1290.70570219
-1290.70620216
-1290.70699166
-1290.70619503
-1290.69847251
-1290.70644671
-1290.70777944
-1290.70484797
-1290.70331042
-1290.70179271
-1290.70432227
-1290.70620454
-1290.69865728
-1290.70396164
-1290.70448657
-1290.70313465
-1290.70499700
-1290.70762498
-1290.70849062
-1290.69855739
-1290.70692558
-1290.70421544
-1290.70118380
-1290.70427317
-1290.70533878
-1290.70477871
-1290.70596863
-1290.70513768
-1290.70376338
-1290.70601452
-1290.70570794
-1290.70778053
-1290.70750017
-1290.69704856
-1290.70437367
-1290.70344976
-1290.70625694
-1290.70487333
-1290.70548989
-1290.70766765
-1290.70630973
-1290.70236538
-1290.70715434
-1290.70580974
-1290.70701002
-1290.70762691
-1290.70580838
-1290.70707187
-1290.70539786
-1290.70306473
-1290.70465754
-1290.70458102
-1290.69287801
-1290.70362475
-1290.70435138
-1290.70752393
-1290.70249256
-1290.70574632
-1290.70718475
-1290.70518493
-1290.69837209
-1290.70684134
-1290.70697030
-1290.70803617
-1290.70529819
-1290.69892714
-1290.70211330
-1290.70713617
-1290.70703341
-1290.70597910
-1290.70716756
-1290.70626530
-1290.70666494
-1290.70577523
-1290.70781384
-1290.70026672
-1290.69627415
-1290.70498772
-1290.70526187
-1290.70845107
-1290.70207478
-1290.70782887
-1290.69818650
-1290.70182038
-1290.70743037
-1290.70611791
-1290.69861728
-1290.70257636
-1290.70799777
-1290.70495011
-1290.70679099
-1290.70039889
-1290.70145633
-1290.70360856
-1290.70443112
-1290.70558691
-1290.69979137
-1290.70366270
-1290.70383712
-1290.70195792
-1290.68826829
-1290.70599801
-1290.70197541
-1290.70684826
-1290.70685067
-1290.69887100
-1290.70464661
-1290.70662564
-1290.70376425
-1290.70459987
-1290.70499707
-1290.70764259
-1290.70407538
-1290.70324313
-1290.70017409
-1290.69886307
-1290.70607844
-1290.70560834
-1290.70699290
-1290.70820165
-1290.70531421
-1290.70651096
-1290.70428890
-1290.70651206
-1290.70814072
-1290.70515243
-1290.70760248
-1290.70756805
-1290.70581468
-1290.70627984
-1290.70641878
-1290.70552406
-1290.69872791
-1290.70456751
-1290.70771577
-1290.70678118
-1290.70605408
-1290.70507248
-1290.70450823
-1290.70603460
-1290.70472539
-1290.70518569
-1290.70189260
-1290.70491877
-1290.70513769
-1290.70828138
-1290.70455230
-1290.70778174
-1290.70172159
-1290.70380648
-1290.70565578
-1290.70778001
-1290.70737467
-1290.70345462
-1290.69642106
-1290.70772715
-1290.70819343
-1290.70678948
-1290.70773322
-1290.70545155
-1290.70255491
-1290.70511791
-1290.70256483
-1290.70437460
-1290.69738316
-1290.70113543
-1290.70737344
-1290.70283695
-1290.70711041
-1290.70599547
-1290.70417241
-1290.70319958
-1290.70598380
-1290.70456510
-1290.70539706
-1290.70923998
-1290.70576736
-1290.70871634
-1290.70638632
-1290.70336698
-1290.70504229
-1290.70399881
-1290.70179148
-1290.70326460
-1290.70453002
-1290.70382860
-1290.70788501
-1290.70463294
-1290.70644785
-1290.70056604
-1290.70606560
-1290.70023193
-1290.70261111
-1290.70794785
-1290.70878651
-1290.70772443
-1290.70537118
-1290.70687336
-1290.70696940
-1290.70160042
-1290.70383368
-1290.70464425
-1290.70726912
-1290.70567057
-1290.70877198
-1290.70502002
-1290.70612341
-1290.70072486
-1290.70795008
-1290.70717053
-1290.70414044
-1290.70170357
-1290.70224345
-1290.70417934
-1290.70478770
-1290.70630017
-1290.70291948
-1290.70586590
-1290.70677936
-1290.70486886
-1290.70569168
-1290.70693209
-1290.70526959
-1290.70622051
-1290.70626881
-1290.70348577
-1290.70739076
-1290.70337029
-1290.70590193
-1290.69993536
-1290.70531870
-1290.70362689
-1290.70648086
-1290.70675274
