-1896.64398826
-1896.64348057
-1896.64227696
-1896.63794045
-1896.64297108
-1896.63722548
-1896.63863466
-1896.64337426
-1896.64639238
-1896.64329086
-1896.64209077
-1896.64261589
-1896.64999996
-1896.63643561
-1896.63917642
-1896.64026251
-1896.63975680
-1896.64290754
-1896.64645084
-1896.64367096
-1896.63802567
-1896.64423736
-1896.64237386
-1896.64328183
-1896.64046540
-1896.64436460
-1896.64000184
-1896.64634950
-1896.64460303
-1896.64466178
-1896.64667719
-1896.63703687
-1896.64270680
-1896.64075801
-1896.63598870
-1896.64674990
-1896.63907891
-1896.64115569
-1896.63455558
-1896.64790375
-1896.64455532
-1896.63699316
-1896.64089392
-1896.64181748
-1896.64332126
-1896.64376623
-1896.64438264
-1896.64542840
-1896.64315722
-1896.64779507
-1896.64074356
-1896.63889350
-1896.64162201
-1896.64052560
-1896.64270297
-1896.63883162
-1896.64361474
-1896.64363089
-1896.64322308
-1896.63967611
-1896.64091838
-1896.64110227
-1896.64219822
-1896.64318837
-1896.64624914
-1896.64390840
-1896.64152514
-1896.64348547
-1896.64195322
-1896.63807936
-1896.64362903
-1896.64484668
-1896.64070181
-1896.64400058
-1896.63893366
-1896.63660612
-1896.64667167
-1896.64306600
-1896.64521926
-1896.63468949
-1896.64322189
-1896.64406152
-1896.63394380
-1896.64342802
-1896.63862078
-1896.64598741
-1896.64117576
-1896.64823349
-1896.64019062
-1896.64290439
-1896.63879217
-1896.63728181
-1896.64524572
-1896.64565833
-1896.64344878
-1896.64540280
-1896.64910773
-1896.64248777
-1896.64101640
-1896.64229951
-1896.63606148
-1896.64060744
-1896.64465970
-1896.64064335
-1896.64394926
-1896.64355308
-1896.64710056
-1896.64875055
-1896.64198798
-1896.64036122
-1896.64111705
-1896.64365206
-1896.63703691
-1896.64250632
-1896.64615570
-1896.63906145
-1896.64203254
-1896.64428807
-1896.64014499
-1896.64048853
-1896.64364831
-1896.64147301
-1896.64607337
-1896.64317332
-1896.64314164
-1896.64118708
-1896.64082680
-1896.63530932
-1896.63768133
-1896.64436492
-1896.64235886
-1896.64257592
-1896.64732107
-1896.64196349
-1896.64479734
-1896.63857459
-1896.64244258
-1896.64616309
-1896.64561945
-1896.64396160
-1896.63792754
-1896.64194252
-1896.63947614
-1896.64182295
-1896.63540952
-1896.64415516
-1896.63561404
-1896.63738249
-1896.63775000
-1896.64067200
-1896.64077419
-1896.63919628
-1896.64428153
-1896.64022259
-1896.64044293
-1896.64058643
-1896.63828539
-1896.63507238
-1896.64273027
-1896.64094761
-1896.64646346
-1896.64709580
-1896.64425946
-1896.64655295
-1896.63957462
-1896.64793812
-1896.64569452
-1896.63845743
-1896.64643912
-1896.64661899
-1896.64258687
-1896.63900660
-1896.64079670
-1896.64027137
-1896.64208961
-1896.64159244
-1896.64412029
-1896.64677311
-1896.64372527
-1896.64385445
-1896.64204869
-1896.63579966
-1896.63792156
-1896.64763640
-1896.64071524
-1896.64500738
-1896.64608603
-1896.64036384
-1896.64409345
-1896.64393957
-1896.63888652
-1896.64976253
-1896.64684448
-1896.64060281
-1896.63663982
-1896.64665065
-1896.64793573
-1896.64152911
-1896.64072577
-1896.63821306
-1896.64138732
-1896.63841506
-1896.64379110
-1896.63591755
-1896.64733461
-1896.64187788
-1896.64769567
-1896.63825709
-1896.64333108
-1896.64120108
-1896.64106641
-1896.63934936
-1896.64549923
-1896.64178501
-1896.63884306
-1896.63896308
-1896.63758806
-1896.64579968
-1896.64619313
-1896.63562082
-1896.64060223
-1896.63785448
-1896.63978525
-1896.64430002
-1896.64204837
-1896.64034586
-1896.64211737
-1896.64417642
-1896.63805913
-1896.63836556
-1896.63715748
-1896.64079619
-1896.64239437
-1896.63992534
-1896.63987853
-1896.63750823
-1896.63841626
-1896.63486027
-1896.64129981
-1896.64245397
-1896.64057071
-1896.64383730
-1896.64311101
-1896.64247120
-1896.64491996
-1896.64140389
-1896.64584221
-1896.63985536
-1896.64613654
-1896.64886840
-1896.63675079
-1896.64069991
-1896.63914379
-1896.64202926
-1896.63887144
-1896.63986209
-1896.64160643
-1896.64156541
-1896.64581211
-1896.64130940
-1896.64304942
-1896.64182666
-1896.64580212
-1896.64236480
-1896.63923549
-1896.64164273
-1896.64615027
-1896.63534755
-1896.64456058
-1896.63860057
-1896.63677246
-1896.63973946
-1896.63878635
-1896.63998855
-1896.64367755
-1896.64520133
-1896.64294546
-1896.64059146
-1896.64632361
-1896.63552738
-1896.64370749
-1896.64472082
-1896.64719402
-1896.64374814
-1896.64075720
-1896.64028753
-1896.64054853
-1896.64627806
-1896.64516457
-1896.64393664
-1896.64568527
-1896.63772477
-1896.64130049
-1896.64312918
-1896.63854768
-1896.63853830
-1896.64483259
-1896.63680797
-1896.64187855
-1896.63671987
