-1896.63791705
-1896.64231991
-1896.64228877
-1896.64757682
-1896.64626663
-1896.63971323
-1896.64081889
-1896.64309732
-1896.64476431
-1896.63674034
-1896.64595399
-1896.64368218
-1896.63591080
-1896.64613160
-1896.64239542
-1896.64256506
-1896.64053096
-1896.64229653
-1896.64186429
-1896.64308053
-1896.64533659
-1896.63996547
-1896.64173396
-1896.64229996
-1896.64436764
-1896.63971000
-1896.64261303
-1896.64513545
-1896.64484968
-1896.64261568
-1896.64839960
-1896.64480369
-1896.63771070
-1896.64601175
-1896.64530054
-1896.63982353
-1896.63828728
-1896.64531389
-1896.64390299
-1896.63753587
-1896.64252567
-1896.63835394
-1896.64048436
-1896.64123968
-1896.63765648
-1896.64109696
-1896.63967592
-1896.64490388
-1896.64521079
-1896.63637353
-1896.64515374
-1896.64795338
-1896.64498218
-1896.64694296
-1896.64051411
-1896.64593757
-1896.64607801
-1896.64241046
-1896.64388124
-1896.64339194
-1896.64364116
-1896.64828765
-1896.64374494
-1896.64260910
-1896.64101575
-1896.63589335
-1896.64174401
-1896.64003784
-1896.64187105
-1896.63988713
-1896.64759462
-1896.64079097
-1896.64067818
-1896.64343619
-1896.64696167
-1896.64476546
-1896.64371747
-1896.64606957
-1896.64611252
-1896.64741708
-1896.64052574
-1896.64680209
-1896.64543611
-1896.64695097
-1896.63942390
-1896.64353427
-1896.64178995
-1896.64361380
-1896.64113999
-1896.64248426
-1896.63797907
-1896.63112411
-1896.64515568
-1896.64509849
-1896.64643143
-1896.63966526
-1896.64469563
-1896.64301975
-1896.64730267
-1896.64538940
-1896.63892428
-1896.63661382
-1896.64489107
-1896.63863273
-1896.64631691
-1896.64368365
-1896.64489524
-1896.64179075
-1896.64034751
-1896.64302208
-1896.64323920
-1896.64665210
-1896.64657795
-1896.63933895
-1896.64512166
-1896.64251886
-1896.64491921
-1896.64337098
-1896.64041668
-1896.64463103
-1896.64089300
-1896.63437920
-1896.64711291
-1896.64664458
-1896.64386380
-1896.64115092
-1896.64443689
-1896.64559668
-1896.64574256
-1896.64280157
-1896.64116716
-1896.64323079
-1896.64208253
-1896.64401892
-1896.64579262
-1896.64529876
-1896.63417055
-1896.64653528
-1896.63396774
-1896.64066922
-1896.63613666
-1896.64416608
-1896.63589388
-1896.64641236
-1896.64197340
-1896.64500328
-1896.64217238
-1896.64250943
-1896.64279524
-1896.64692637
-1896.64159436
-1896.63966678
-1896.64079677
-1896.64362709
-1896.64461088
-1896.63679340
-1896.64300000
-1896.64441148
-1896.64362017
-1896.64055013
-1896.64087975
-1896.64678787
-1896.64518567
-1896.63953562
-1896.64557959
-1896.64425246
-1896.63586942
-1896.64070377
-1896.64520081
-1896.64803376
-1896.63764403
-1896.64811333
-1896.63640355
-1896.64331605
-1896.64504885
-1896.64497058
-1896.64494257
-1896.64078754
-1896.63970303
-1896.64226966
-1896.63907745
-1896.64607918
-1896.63602242
-1896.63924734
-1896.63864362
-1896.64345873
-1896.64081269
-1896.64056721
-1896.64104838
-1896.64213137
-1896.63962342
-1896.63612545
-1896.64135696
-1896.64811337
-1896.63957322
-1896.64246431
-1896.64222438
-1896.64420668
-1896.64262617
-1896.64084530
-1896.64544060
-1896.64189573
-1896.64296546
-1896.64539692
-1896.64474492
-1896.64057784
-1896.64550413
-1896.64603378
-1896.64102730
-1896.63890873
-1896.64157997
-1896.64289350
-1896.64291721
-1896.64066992
-1896.64234583
-1896.64521679
-1896.63711280
-1896.64265364
-1896.64753004
-1896.63863657
-1896.64700589
-1896.64158391
-1896.63977589
-1896.64161861
-1896.64377178
-1896.63984225
-1896.64349326
-1896.63685362
-1896.63393519
-1896.64177953
-1896.64092707
-1896.64239788
-1896.63770973
-1896.64162223
-1896.64444792
-1896.64388856
-1896.64788608
-1896.64130020
-1896.64146105
-1896.64005546
-1896.64688454
-1896.64024928
-1896.63831958
-1896.64303919
-1896.64345078
-1896.64446768
-1896.64230198
-1896.64575509
-1896.64175264
-1896.64114869
-1896.63405259
-1896.63844532
-1896.63596595
-1896.64741972
-1896.63655785
-1896.64155821
-1896.64365140
-1896.63868859
-1896.64339232
-1896.64719319
-1896.64421656
-1896.64318824
-1896.64360094
-1896.64559697
-1896.64329744
-1896.64244983
-1896.64290560
-1896.64687797
-1896.63999315
-1896.64409568
-1896.64399505
-1896.64283666
-1896.63581596
-1896.63829687
-1896.64393812
-1896.63947804
-1896.64262460
-1896.64347039
-1896.63660202
-1896.64691915
-1896.64287970
-1896.63330711
-1896.63677175
-1896.63967490
-1896.64432544
-1896.64326396
-1896.64216896
-1896.64439658
-1896.64286395
-1896.64537239
-1896.64175374
-1896.63643261
-1896.64377353
-1896.64130449
-1896.63401615
-1896.64305564
-1896.64734639
-1896.64352518
-1896.63588863
-1896.64527247
