-1290.37873922
-1290.37288714
-1290.37818801
-1290.37443976
-1290.37866885
-1290.37485059
-1290.37673609
-1290.37573027
-1290.37134012
-1290.37586616
-1290.37226292
-1290.37568161
-1290.37356754
-1290.37423046
-1290.37290461
-1290.37132108
-1290.37741923
-1290.37788741
-1290.37884458
-1290.37449053
-1290.37013352
-1290.36565333
-1290.37385475
-1290.37619821
-1290.37426381
-1290.37543345
-1290.35884251
-1290.37744753
-1290.37859476
-1290.36831385
-1290.37583596
-1290.37402448
-1290.36824966
-1290.37453785
-1290.37709955
-1290.37762921
-1290.37387473
-1290.37572702
-1290.37767106
-1290.37565114
-1290.37380538
-1290.37518968
-1290.37771864
-1290.37645978
-1290.37218451
-1290.37661823
-1290.37289127
-1290.37794046
-1290.36853455
-1290.37463641
-1290.37390721
-1290.36961996
-1290.37753342
-1290.37127060
-1290.37524972
-1290.37614518
-1290.37048760
-1290.37841359
-1290.37458747
-1290.37652607
-1290.37381844
-1290.37625901
-1290.36973515
-1290.37432698
-1290.37626056
-1290.37313938
-1290.37679524
-1290.37548410
-1290.37662905
-1290.37559537
-1290.37240951
-1290.37599778
-1290.37762494
-1290.37526795
-1290.37266667
-1290.36943790
-1290.37312054
-1290.37621486
-1290.36977361
-1290.37302365
-1290.37506982
-1290.37234166
-1290.37622871
-1290.37657187
-1290.37864601
-1290.36531795
-1290.37513457
-1290.37332076
-1290.37179145
-1290.37475390
-1290.37563707
-1290.37399393
-1290.37536278
-1290.37383175
-1290.37296908
-1290.37432563
-1290.37573413
-1290.37794591
-1290.37683667
-1290.36582066
-1290.37538899
-1290.37431355
-1290.37692370
-1290.37307773
-1290.37473298
-1290.37816599
-1290.37516232
-1290.37170301
-1290.37703027
-1290.37456723
-1290.37618121
-1290.37624397
-1290.37526723
-1290.37530435
-1290.37493219
-1290.37600232
-1290.37345753
-1290.37348684
-1290.36346787
-1290.37304119
-1290.37402952
-1290.37696074
-1290.36996171
-1290.37508272
-1290.37629354
-1290.37486129
-1290.36095108
-1290.37606466
-1290.37760882
-1290.37654053
-1290.37334775
-1290.36246525
-1290.37367616
-1290.37820362
-1290.37662725
-1290.37721059
-1290.37677099
-1290.37618911
-1290.37549306
-1290.37494452
-1290.37764601
-1290.36980095
-1290.35733186
-1290.37495184
-1290.37556672
-1290.37804232
-1290.36942031
-1290.37897004
-1290.35698012
-1290.37060409
-1290.37872477
-1290.37599335
-1290.36596330
-1290.37141823
-1290.37734457
-1290.37542567
-1290.37733514
-1290.36969525
-1290.36704625
-1290.37442062
-1290.37271740
-1290.37575427
-1290.36763768
-1290.37153196
-1290.37284674
-1290.36997788
-1290.35155488
-1290.37524082
-1290.37127891
-1290.37705648
-1290.37677892
-1290.36941578
-1290.37398414
-1290.37582099
-1290.37258891
-1290.37367659
-1290.37389055
-1290.37874219
-1290.37662281
-1290.37270294
-1290.36862553
-1290.36484067
-1290.37647475
-1290.37512314
-1290.37772326
-1290.37797670
-1290.37575213
-1290.37621574
-1290.37204526
-1290.37493255
-1290.37797041
-1290.37646035
-1290.37854857
-1290.37813232
-1290.37439759
-1290.37497239
-1290.37744049
-1290.37464880
-1290.36188359
-1290.37397828
-1290.37776196
-1290.37657690
-1290.37676162
-1290.37343206
-1290.37409586
-1290.37696511
-1290.37507188
-1290.37372928
-1290.37277688
-1290.37392898
-1290.37423863
-1290.37851236
-1290.37559153
-1290.37868575
-1290.36856520
-1290.37225022
-1290.37507212
-1290.37765126
-1290.37585085
-1290.37215125
-1290.35560931
-1290.37791305
-1290.37899268
-1290.37665260
-1290.37653978
-1290.37685850
-1290.37346284
-1290.37411354
-1290.36937957
-1290.37370081
-1290.35558881
-1290.37290138
-1290.37709179
-1290.37039343
-1290.37695545
-1290.37584322
-1290.37156871
-1290.37209605
-1290.37497558
-1290.37185517
-1290.37282433
-1290.37846950
-1290.37462587
-1290.37957162
-1290.37698154
-1290.37290916
-1290.37545408
-1290.37359014
-1290.37297715
-1290.37073427
-1290.37487995
-1290.37375814
-1290.37794885
-1290.37484180
-1290.37700687
-1290.37096568
-1290.37573043
-1290.37120708
-1290.37104368
-1290.37786507
-1290.37882331
-1290.37846635
-1290.37586770
-1290.37868932
-1290.37727710
-1290.37108373
-1290.37190370
-1290.37456492
-1290.37656391
-1290.37445709
-1290.37739022
-1290.37387727
-1290.37575170
-1290.37011913
-1290.37825918
-1290.37754727
-1290.37433112
-1290.36949641
-1290.37198051
-1290.37243629
-1290.37221614
-1290.37418572
-1290.37184006
-1290.37705209
-1290.37802373
-1290.37486076
-1290.37594846
-1290.37715783
-1290.37723313
-1290.37668085
-1290.37595191
-1290.37181747
-1290.37694028
-1290.37088206
-1290.37592915
-1290.36517876
-1290.37500367
-1290.37398889
-1290.37709193
-1290.37556573
