-1290.37590348
-1290.37746663
-1290.37890664
-1290.37534721
-1290.37472228
-1290.37386651
-1290.37490615
-1290.37746820
-1290.37606247
-1290.37332072
-1290.37731570
-1290.37386156
-1290.37416319
-1290.37025459
-1290.37607622
-1290.37043009
-1290.36800433
-1290.37725080
-1290.37562055
-1290.37370254
-1290.37719293
-1290.37061244
-1290.37271376
-1290.37766506
-1290.37771968
-1290.37533956
-1290.37243606
-1290.36533039
-1290.37611248
-1290.37428077
-1290.37820608
-1290.37357433
-1290.37305813
-1290.37589826
-1290.36633924
-1290.37673405
-1290.37675432
-1290.37555025
-1290.37750717
-1290.37091590
-1290.37615008
-1290.37571416
-1290.37193105
-1290.37580730
-1290.37646502
-1290.37700748
-1290.37184005
-1290.37285317
-1290.37200254
-1290.36546481
-1290.37360422
-1290.37232463
-1290.37478078
-1290.37847155
-1290.37060406
-1290.37696016
-1290.37858909
-1290.37450550
-1290.37776886
-1290.37267759
-1290.37317787
-1290.37139497
-1290.37363521
-1290.38106462
-1290.37686059
-1290.37561641
-1290.37694773
-1290.37611313
-1290.37868957
-1290.37489158
-1290.37010711
-1290.36799506
-1290.37351767
-1290.37378060
-1290.37413808
-1290.37522137
-1290.37768581
-1290.37603256
-1290.37257868
-1290.37726923
-1290.37078725
-1290.37130800
-1290.37799752
-1290.37365281
-1290.37272477
-1290.37675764
-1290.37446326
-1290.37615916
-1290.37739085
-1290.37455538
-1290.37539698
-1290.37429368
-1290.36559700
-1290.37620090
-1290.37683084
-1290.37477369
-1290.37656304
-1290.37411728
-1290.37594576
-1290.37626294
-1290.37118804
-1290.37507394
-1290.37697231
-1290.37601844
-1290.37763619
-1290.37504294
-1290.37607058
-1290.37312859
-1290.37371107
-1290.36607259
-1290.37721907
-1290.37687766
-1290.37786367
-1290.37569434
-1290.37538454
-1290.37578122
-1290.36713542
-1290.37037585
-1290.37448370
-1290.37645033
-1290.37713116
-1290.37996457
-1290.37640282
-1290.36689618
-1290.37643385
-1290.37617030
-1290.37342658
-1290.37923345
-1290.37588779
-1290.37621322
-1290.37729706
-1290.37711522
-1290.37591329
-1290.37241633
-1290.37030820
-1290.36380792
-1290.37071857
-1290.37514630
-1290.36922219
-1290.37014035
-1290.37382076
-1290.37459502
-1290.37706722
-1290.37652882
-1290.37876063
-1290.37166849
-1290.37710744
-1290.37519151
-1290.37530220
-1290.37446701
-1290.36999068
-1290.37464303
-1290.37448261
-1290.36958910
-1290.37844412
-1290.37955408
-1290.36951785
-1290.37557663
-1290.37330461
-1290.37555341
-1290.37624434
-1290.37684199
-1290.37227730
-1290.37076735
-1290.37749314
-1290.37445460
-1290.37461325
-1290.36864322
-1290.37393289
-1290.37503376
-1290.37372428
-1290.37128859
-1290.37128753
-1290.37387666
-1290.37796203
-1290.37565049
-1290.36966070
-1290.37332594
-1290.37305872
-1290.36936842
-1290.37710876
-1290.37517284
-1290.37780206
-1290.38011764
-1290.37445539
-1290.37982453
-1290.37348280
-1290.37202619
-1290.37383101
-1290.37337305
-1290.37726093
-1290.37256169
-1290.37524442
-1290.37737293
-1290.37688116
-1290.37104204
-1290.37023265
-1290.37758178
-1290.37722042
-1290.36783833
-1290.37951579
-1290.37820950
-1290.37169416
-1290.37644622
-1290.37739036
-1290.37357919
-1290.37255012
-1290.37579465
-1290.37374445
-1290.37708641
-1290.37111373
-1290.37872856
-1290.37705250
-1290.36768988
-1290.37529657
-1290.37475189
-1290.37698463
-1290.36363586
-1290.37877213
-1290.37752856
-1290.37205991
-1290.37636877
-1290.37858527
-1290.37502989
-1290.37698355
-1290.37478918
-1290.37307547
-1290.37482406
-1290.37510286
-1290.37442144
-1290.36965533
-1290.37460721
-1290.37401975
-1290.37534134
-1290.37837435
-1290.37660314
-1290.37728248
-1290.37399078
-1290.37449041
-1290.37529411
-1290.37643123
-1290.37130196
-1290.37275469
-1290.37731837
-1290.37526668
-1290.37509564
-1290.37282440
-1290.37185764
-1290.37873322
-1290.37580759
-1290.37666598
-1290.37391128
-1290.37729251
-1290.37281780
-1290.37511062
-1290.37631987
-1290.37798002
-1290.36837262
-1290.37456135
-1290.37480475
-1290.37206972
-1290.37505584
-1290.37236528
-1290.37809347
-1290.37364920
-1290.37530699
-1290.37650852
-1290.37639308
-1290.37768953
-1290.37130442
-1290.37735769
-1290.37805261
-1290.36806938
-1290.37835006
-1290.37368013
-1290.37298201
-1290.37025314
-1290.37813318
-1290.36847137
-1290.37524768
-1290.37480961
-1290.37299549
-1290.36381448
-1290.37662272
-1290.37275147
-1290.37301770
-1290.37865675
-1290.37752849
-1290.37542450
-1290.37890612
-1290.37004448
-1290.37575422
-1290.37525584
-1290.37662398
-1290.37523277
-1290.37339248
-1290.37846365
-1290.37378963
-1290.37561615
-1290.37364334
