-1104.91498656
-1104.91641293
-1104.91840876
-1104.90177868
-1104.90935323
-1104.91514539
-1104.91525030
-1104.91753605
-1104.91617325
-1104.91795222
-1104.91398665
-1104.89639888
-1104.91416680
-1104.91719760
-1104.91699425
-1104.91706561
-1104.91562201
-1104.91612923
-1104.92007761
-1104.92020150
-1104.91879095
-1104.91317236
-1104.91326161
Null
-1104.91616109
-1104.90891519
-1104.91843869
-1104.91952934
-1104.91137902
-1104.91524527
-1104.91489163
-1104.90868427
-1104.90736576
-1104.92028960
-1104.91713012
-1104.91914286
-1104.92115451
-1104.91771639
-1104.91121273
-1104.91596992
-1104.91790788
-1104.90767296
-1104.91667321
-1104.90126734
-1104.90952149
-1104.91890037
-1104.91584642
Null
-1104.91488966
-1104.91082020
-1104.90698178
-1104.91437188
-1104.91412759
-1104.91350017
-1104.91381161
-1104.90481835
-1104.91658466
-1104.91681346
-1104.91714818
-1104.91195313
-1104.90843506
-1104.91594322
-1104.91582959
-1104.90817160
-1104.90718329
-1104.90337355
-1104.91330928
-1104.91523655
-1104.91314389
-1104.90769645
-1104.91660124
Null
-1104.91836064
-1104.91495177
-1104.92002988
-1104.90366262
-1104.91648456
-1104.91853240
-1104.91699966
-1104.91732998
-1104.91749414
-1104.91307798
-1104.90769234
-1104.91828072
-1104.92026993
-1104.91783224
-1104.91628519
-1104.91401028
-1104.91465427
-1104.91185427
-1104.91866474
-1104.90154205
-1104.91246342
-1104.91686344
-1104.91179781
Null
-1104.91629605
-1104.91851645
-1104.91755178
-1104.90617996
-1104.91349170
-1104.89742932
-1104.90927170
-1104.90916789
-1104.90558622
-1104.91593137
-1104.90132177
-1104.91574220
-1104.91678768
-1104.90760621
-1104.92038943
-1104.90036711
-1104.91734422
-1104.91275757
-1104.90752321
-1104.89480865
-1104.91826478
-1104.91015047
-1104.91781371
Null
-1104.89654868
-1104.91122788
-1104.91615946
-1104.91775925
-1104.92031039
-1104.90684731
-1104.90444962
-1104.91834827
-1104.91403981
-1104.91444537
-1104.91280396
-1104.91535858
-1104.91748138
-1104.91988874
-1104.90528474
-1104.90455330
-1104.91734160
-1104.91007472
-1104.91443158
-1104.89528319
-1104.91835029
-1104.91738846
-1104.91639238
Null
-1104.90697221
-1104.91704327
-1104.91690853
-1104.91918259
-1104.91153713
-1104.91417800
-1104.91499816
-1104.90237130
-1104.90591698
-1104.91338530
-1104.91588710
-1104.89272763
-1104.90598039
-1104.91117807
-1104.90577366
-1104.91488212
-1104.91500297
-1104.91785982
-1104.91975757
-1104.91235434
-1104.91153546
-1104.91474829
-1104.92036607
Null
-1104.91556259
-1104.91170431
-1104.91044383
-1104.91465031
-1104.91740874
-1104.91524559
-1104.91332508
-1104.91256692
-1104.91705328
-1104.91628241
-1104.91679268
-1104.91876264
-1104.91230721
-1104.91729306
-1104.91324447
-1104.89502504
-1104.91755973
-1104.91643107
-1104.91933513
-1104.91359028
-1104.91651126
-1104.90961729
-1104.91557203
Null
-1104.89430879
-1104.91773663
-1104.91969338
-1104.91875107
-1104.91735507
-1104.90411256
-1104.91724592
-1104.91694532
-1104.90251547
-1104.90999935
-1104.91743445
-1104.91460578
-1104.91825813
-1104.91347850
-1104.91617775
-1104.91503304
-1104.91901740
-1104.91534105
-1104.90610585
-1104.91546750
-1104.91900271
-1104.89906045
-1104.91444844
Null
-1104.91611154
-1104.91216118
-1104.89996539
-1104.90312227
-1104.91599061
-1104.91543648
-1104.92093205
-1104.91607933
-1104.91374805
-1104.91422719
-1104.90399845
-1104.90351261
-1104.91692593
-1104.91731193
-1104.90328764
-1104.91569240
-1104.91798729
-1104.92037416
-1104.91081476
-1104.91345657
-1104.91934637
-1104.89496098
-1104.90635378
Null
-1104.89963509
-1104.91317496
-1104.91117660
-1104.91355663
-1104.90769637
-1104.91213328
-1104.91363029
-1104.91660748
-1104.91579904
-1104.90591490
-1104.91960411
-1104.91062106
-1104.89673944
-1104.90512853
-1104.91638865
-1104.90731401
-1104.91349779
-1104.90546938
-1104.91500365
-1104.90687535
-1104.91422235
-1104.91646113
-1104.91561367
Null
-1104.90814638
-1104.91631497
-1104.91219168
-1104.91652733
-1104.91795096
-1104.91615642
-1104.92020388
-1104.91292986
-1104.91188187
-1104.91693839
-1104.91780711
-1104.91595308
-1104.91551512
-1104.91401985
-1104.91014942
-1104.90074806
-1104.90882311
-1104.92001954
-1104.91117993
-1104.91320751
-1104.90740984
-1104.91635036
-1104.90454869
Null
-1104.91192312
-1104.90492922
-1104.91451618
-1104.91239306
-1104.90305823
-1104.90565978
-1104.91251932
-1104.91496311
-1104.89619237
-1104.90360015
-1104.91212708
-1104.91139235
-1104.91525856
-1104.91812742
-1104.91553464
-1104.90640896
-1104.90139435
-1104.91925330
-1104.91609870
-1104.89314803
-1104.90190003
-1104.90851492
-1104.91472518
Null
-1104.90608641
-1104.92178447
-1104.91433224
-1104.91457525
-1104.92020946
-1104.89530489
-1104.91518524
-1104.91959909
-1104.91653985
-1104.91859829
-1104.91308929
-1104.92031416
-1104.90857645
-1104.90482024
-1104.91398342
-1104.91031445
-1104.90454768
-1104.91951103
-1104.91660425
-1104.91175989
-1104.91452547
-1104.92066763
-1104.91767916
Null
-1104.89980130
-1104.90080755
-1104.91683069
-1104.90477901
-1104.91471907
-1104.91515068
-1104.91358110
-1104.91817215
-1104.91588155
-1104.91412210
-1104.91355481
-1104.90798493
-1104.91574227
-1104.89345161
-1104.91584271
-1104.91994188
-1104.91897540
-1104.91473348
-1104.91037531
-1104.91631096
-1104.91399925
-1104.91868250
-1104.91550230
Null
-1104.89557608
-1104.91580194
-1104.91844866
-1104.91027713
-1104.91255762
-1104.91254045
-1104.90444218
-1104.91681474
-1104.90087509
-1104.91507769
-1104.91651185
-1104.90986125
-1104.92181377
-1104.91491311
-1104.91576525
-1104.91609917
-1104.91904647
-1104.91819427
-1104.91612238
-1104.91866737
-1104.91517296
-1104.91020233
-1104.91530638
Null
-1104.91531996
-1104.90822505
-1104.90704225
-1104.90570810
-1104.91235589
-1104.91496356
-1104.91941918
-1104.91579570
-1104.92053382
-1104.91996175
-1104.91050841
-1104.91382655
-1104.91687982
-1104.91389936
-1104.91909315
-1104.91574503
-1104.90422365
-1104.91847919
-1104.91861471
-1104.91444823
-1104.91645214
-1104.91325507
-1104.91521015
Null
-1104.91883743
-1104.91483886
-1104.91290571
-1104.91821081
-1104.91626804
-1104.91814028
-1104.91713696
-1104.91577254
-1104.91011254
-1104.91757694
-1104.91402913
-1104.90760134
-1104.92111128
-1104.91340881
-1104.91140937
-1104.92006517
-1104.91122479
-1104.91950143
-1104.91748493
-1104.91895406
-1104.91830298
-1104.89503195
-1104.91402290
Null
-1104.90904953
-1104.90654044
-1104.90634222
-1104.91192685
-1104.90844774
-1104.90201101
-1104.91369332
-1104.91188281
-1104.89922169
-1104.91885587
-1104.91960712
-1104.91182676
-1104.90627700
-1104.91729991
-1104.91417972
-1104.91204551
-1104.91567499
-1104.91381556
-1104.91277771
-1104.90982073
-1104.90455856
-1104.90759810
-1104.92010699
Null
-1104.92120647
-1104.91991866
-1104.91893661
-1104.90409093
-1104.90252131
-1104.91415748
-1104.91519218
-1104.91341348
-1104.90771067
-1104.91804266
-1104.91829845
-1104.90841410
-1104.90005331
-1104.90467221
-1104.91551971
-1104.90951971
-1104.90172550
-1104.91351465
-1104.90778078
-1104.91167341
-1104.91428741
-1104.91464836
-1104.91181486
Null
-1104.91876825
-1104.91203746
-1104.90416068
-1104.90873386
-1104.91749950
-1104.91478580
-1104.90408064
-1104.91719802
-1104.91536924
-1104.91795339
-1104.91387699
-1104.89903792
-1104.91157150
-1104.91876164
-1104.91463542
-1104.91584775
-1104.91917729
-1104.91121711
-1104.91538986
-1104.91874566
-1104.91404213
-1104.91846564
-1104.91203737
Null
-1104.90373136
-1104.90963828
-1104.91858713
-1104.90676535
-1104.91553862
-1104.91648501
-1104.90726778
-1104.91667709
-1104.91028798
-1104.91859207
-1104.91106402
-1104.91694924
-1104.91745120
-1104.91476086
-1104.91638043
-1104.91638294
-1104.91927287
-1104.89856782
-1104.91869632
-1104.91393928
-1104.91183687
-1104.91169457
-1104.91467952
Null
-1104.91332049
-1104.90588348
-1104.91004781
-1104.90609891
-1104.91235577
-1104.91998491
-1104.91447624
-1104.90701120
-1104.91396923
-1104.90056380
-1104.91574379
-1104.91249340
-1104.91079991
-1104.90479149
-1104.90576394
-1104.91583007
-1104.92094872
-1104.91207854
-1104.90486135
-1104.91756033
-1104.89716815
-1104.91394007
-1104.91618574
Null
-1104.91283674
-1104.91506198
-1104.91241974
-1104.91829111
-1104.91636839
-1104.91866008
-1104.91966539
-1104.91560397
-1104.91625826
-1104.91953444
-1104.90542009
-1104.91576613
-1104.92050788
-1104.91753252
-1104.91550887
-1104.90676969
-1104.90151696
-1104.91307398
-1104.91416182
-1104.91687356
-1104.90299144
-1104.91672874
-1104.91361484
Null
-1104.91444855
-1104.89797043
-1104.91836648
-1104.91793360
-1104.91441039
-1104.90142583
-1104.91433453
-1104.91993383
-1104.91930538
-1104.90672497
-1104.91612302
-1104.91561401
-1104.91489335
-1104.91781730
-1104.91683530
-1104.92051183
-1104.89618820
-1104.91160666
-1104.90477732
-1104.91543222
-1104.91032984
-1104.91484360
-1104.90714152
Null
-1104.91561053
-1104.92022974
-1104.91472643
-1104.91695004
-1104.91165371
-1104.90529416
-1104.91247063
-1104.92076605
-1104.91034322
-1104.91482931
-1104.91010282
-1104.91160230
-1104.89330555
-1104.91684846
-1104.91903867
-1104.91460529
-1104.92034932
-1104.91902643
-1104.91684951
-1104.90625524
-1104.91067855
-1104.91670444
-1104.91706355
Null
-1104.91121547
-1104.90702322
-1104.91586242
-1104.91498882
-1104.91919047
-1104.91649050
-1104.92008704
-1104.91740879
-1104.92098789
-1104.91885948
-1104.92069714
-1104.89753673
-1104.91365391
-1104.91805801
-1104.91347409
-1104.90794902
-1104.91913572
-1104.92030396
-1104.91361995
-1104.90672481
-1104.91792096
-1104.90983298
-1104.91994588
Null
-1104.90995096
-1104.91926672
-1104.90484731
-1104.91554635
-1104.91290077
-1104.91066533
-1104.91426257
-1104.91574922
-1104.91216073
-1104.90708733
-1104.90858807
-1104.90108528
-1104.91733653
-1104.91313032
-1104.91686610
-1104.91294248
-1104.91075910
-1104.90826287
-1104.91292754
-1104.91802676
-1104.92025056
-1104.91655067
-1104.91366039
Null
-1104.91033940
-1104.91101667
-1104.91952635
-1104.91531035
-1104.90957692
-1104.91663443
-1104.90458263
-1104.90808391
-1104.90279335
-1104.91166608
-1104.91485955
-1104.89988258
-1104.91602118
-1104.91785031
-1104.91679955
-1104.91454701
-1104.90356458
-1104.90826560
-1104.91348493
-1104.91905923
-1104.91424798
-1104.91595710
-1104.91598510
Null
-1104.90643321
-1104.91162304
-1104.91616455
-1104.91669446
-1104.91592922
-1104.91861100
-1104.91811446
-1104.91790190
-1104.89941829
-1104.91248875
-1104.91656633
-1104.92162823
-1104.91668234
-1104.91504008
-1104.91793785
-1104.91495426
-1104.91656647
-1104.91567443
-1104.91689942
-1104.91556625
-1104.91154648
-1104.91353989
-1104.91409822
Null
-1104.91364798
-1104.91210797
-1104.91415580
-1104.91160426
-1104.91469678
-1104.91369573
-1104.91652590
-1104.91011287
-1104.91148118
-1104.91861800
-1104.91227372
-1104.91918394
-1104.91444306
-1104.91330363
-1104.91254522
-1104.91655986
-1104.91886601
-1104.91459636
-1104.90472144
-1104.90802283
-1104.91580888
-1104.91667981
-1104.91891778
Null
-1104.91348547
-1104.90610116
-1104.91779743
-1104.91417199
-1104.92026666
-1104.90661634
-1104.89502094
-1104.91475004
-1104.91496635
-1104.91404586
-1104.91350968
-1104.91039763
-1104.91390648
-1104.91484664
-1104.91510306
-1104.91349617
-1104.90111883
-1104.91503079
-1104.90675060
-1104.91521445
-1104.91046057
-1104.91229658
-1104.91742916
Null
-1104.91758527
-1104.90895309
-1104.90278235
-1104.91040887
-1104.91688202
-1104.91291883
-1104.91871383
-1104.91686399
-1104.91843478
-1104.91455384
-1104.91614754
-1104.91476069
-1104.91563045
-1104.91335192
-1104.92098052
-1104.89420105
-1104.91751399
-1104.89781071
-1104.91852206
-1104.91167265
-1104.91637011
-1104.91980539
-1104.91060692
Null
-1104.91245903
-1104.91264414
-1104.91808531
-1104.89356357
-1104.89824157
-1104.91272145
-1104.90343290
-1104.91220428
-1104.91543399
-1104.91736307
-1104.90479221
-1104.89588285
-1104.91405062
-1104.91516266
-1104.90170570
-1104.91391978
-1104.91914179
-1104.91183534
-1104.91342498
-1104.89444554
-1104.91894246
-1104.91458375
-1104.91429843
Null
-1104.91612473
-1104.91761117
-1104.91226159
-1104.91763925
-1104.91333698
-1104.90946620
-1104.91924048
-1104.89679743
-1104.91434603
-1104.91668041
-1104.91332554
-1104.91016704
-1104.90571019
-1104.91387541
-1104.91667339
-1104.91546598
-1104.91354770
-1104.89511112
-1104.90043920
-1104.91436134
-1104.91412609
-1104.91628290
-1104.91521411
Null
-1104.91151924
-1104.90803539
-1104.91730221
-1104.91814334
-1104.90814648
-1104.91348299
-1104.90494294
-1104.89832427
-1104.91490653
-1104.91620235
-1104.91207551
-1104.90052897
-1104.91553227
-1104.91607225
-1104.91475815
-1104.91988414
-1104.91709562
-1104.91443481
-1104.91599315
-1104.90970844
-1104.91453408
-1104.90806765
-1104.91171322
Null
-1104.91896388
-1104.91960514
-1104.89986957
-1104.91271733
-1104.90650340
-1104.91009155
-1104.90936069
-1104.91417487
-1104.91457918
-1104.91196834
-1104.90774327
-1104.91431271
-1104.91264045
-1104.91529156
-1104.90814723
-1104.90660892
-1104.91015330
-1104.91310557
-1104.92100934
-1104.91534282
-1104.91213044
-1104.91635902
-1104.91855824
Null
-1104.91523197
-1104.91524831
-1104.89962567
-1104.91082732
-1104.91726966
-1104.92002612
-1104.91097199
-1104.91245720
-1104.89759185
-1104.91503798
-1104.91536552
-1104.91600781
-1104.91551885
-1104.91865547
-1104.92041556
-1104.91978744
-1104.91783669
-1104.91293650
-1104.91604906
-1104.91630330
-1104.91151898
-1104.91243559
-1104.91164709
Null
-1104.90951956
-1104.91394819
-1104.91624499
-1104.91805163
-1104.91916367
-1104.90946309
-1104.91784594
-1104.91982738
-1104.91085174
-1104.91913323
-1104.91790624
-1104.91668796
-1104.91486528
-1104.91006368
-1104.90836426
-1104.91811153
-1104.92138186
-1104.90953902
-1104.90149212
-1104.91006789
-1104.91017758
-1104.91441829
-1104.91630741
Null
-1104.90585722
-1104.91770045
-1104.91700068
-1104.91782429
-1104.91981266
-1104.90593801
-1104.90120783
-1104.91457001
-1104.89739761
-1104.91754774
-1104.91214033
-1104.91613388
-1104.89261934
-1104.91951135
-1104.91401231
-1104.89227057
-1104.90982788
-1104.89987217
-1104.91895431
-1104.90504323
-1104.91257544
-1104.91425238
-1104.91610416
Null
-1104.90956069
-1104.91112012
-1104.91034182
-1104.91762515
-1104.91490533
-1104.91594310
-1104.91541391
-1104.91989187
-1104.90935622
-1104.91057858
-1104.91655896
-1104.92046629
-1104.91559417
-1104.91602819
-1104.91783168
-1104.91296898
-1104.91805282
-1104.89494771
-1104.91914223
-1104.91314224
-1104.90659500
-1104.89487162
-1104.91727056
Null
-1104.91694476
-1104.89633719
-1104.91572483
-1104.91743946
-1104.91871592
-1104.91884376
-1104.90868821
-1104.90488969
-1104.90527232
-1104.91164570
-1104.91260334
-1104.89416855
-1104.90099261
-1104.91281765
-1104.91873054
-1104.91542070
-1104.91743630
-1104.90227426
-1104.90814600
-1104.91613531
-1104.92036809
-1104.90040691
-1104.91308338
Null
-1104.91031673
-1104.91157899
-1104.90772593
-1104.90812841
-1104.91208291
-1104.91672194
-1104.91674978
-1104.91497817
-1104.91884659
-1104.91447811
-1104.91411718
-1104.90536990
-1104.90522910
-1104.90565161
-1104.91747219
-1104.90154753
-1104.90067601
-1104.91242375
-1104.91628155
-1104.91845002
-1104.91243445
-1104.91250404
-1104.90111418
Null
-1104.90175423
-1104.90025488
-1104.91676327
-1104.91501840
-1104.91900219
-1104.91535216
-1104.91233955
-1104.91509026
-1104.91663662
-1104.89757889
-1104.91773994
-1104.91669802
-1104.91753276
-1104.91190727
-1104.90624867
-1104.90835846
-1104.91700399
-1104.91560522
-1104.90920974
-1104.91134705
-1104.91067682
-1104.90746238
-1104.91273554
Null
-1104.91888592
-1104.91712034
-1104.91493418
-1104.91035578
-1104.91716349
-1104.91561389
-1104.90977719
-1104.91675963
-1104.91575690
-1104.91715757
-1104.91524482
-1104.91485205
-1104.91255686
-1104.91836616
-1104.91961974
-1104.91692636
-1104.91003408
-1104.90416124
-1104.91410090
-1104.90502988
-1104.89568868
-1104.91268398
-1104.91684410
Null
-1104.91115808
-1104.89708929
-1104.91793836
-1104.90011570
-1104.91244316
-1104.91742197
-1104.90576900
-1104.89763606
-1104.91680704
-1104.90801273
-1104.91467993
-1104.91503885
-1104.91615047
-1104.91875989
-1104.91721719
-1104.91609155
-1104.91233808
-1104.91998640
-1104.91726795
-1104.91778099
-1104.91318587
-1104.91277545
-1104.91140019
Null
-1104.90208278
-1104.91020122
-1104.89721173
-1104.92146848
-1104.91267807
-1104.89460804
-1104.90694927
-1104.90416545
-1104.91946672
-1104.91263492
-1104.90586152
-1104.91589018
-1104.91719168
-1104.91606363
-1104.91586525
-1104.91591872
-1104.91557203
-1104.91423622
-1104.91746890
-1104.91427420
-1104.91368272
-1104.91024693
-1104.91272937
Null
-1104.91446607
-1104.91823784
-1104.91382001
-1104.91906527
-1104.91416072
-1104.90551065
-1104.91218317
-1104.91802886
-1104.89422542
-1104.90744107
-1104.91948255
-1104.91698864
-1104.91574039
-1104.91669582
-1104.91135053
-1104.91263214
-1104.91922365
-1104.91451132
-1104.91553291
-1104.91555126
-1104.91839241
-1104.91425111
-1104.90386090
Null
-1104.91808739
-1104.91980251
-1104.91492500
-1104.91572244
-1104.91652748
-1104.91584150
-1104.91566800
-1104.91449607
-1104.91622706
-1104.91924059
-1104.92029606
-1104.91314644
-1104.90999206
-1104.91151947
-1104.90996220
-1104.91397289
-1104.91333446
-1104.90781820
-1104.90289194
-1104.90476880
-1104.91945538
-1104.91121631
-1104.91634327
Null
-1104.91019245
-1104.92041408
-1104.91739251
-1104.90926046
-1104.90812364
-1104.91221237
-1104.91355439
-1104.90900365
-1104.91640404
-1104.91339057
-1104.90489039
-1104.91379707
-1104.90007044
-1104.91792734
-1104.92106416
-1104.91575250
-1104.91532180
-1104.91685517
-1104.91601723
-1104.91717134
-1104.91532461
-1104.89903697
-1104.90784343
Null
-1104.90868728
-1104.91985721
-1104.91796533
-1104.92007324
-1104.90863397
-1104.91610013
-1104.91424738
-1104.91467750
-1104.91562543
-1104.91602859
-1104.90712066
-1104.91619960
-1104.90693289
-1104.91163439
-1104.92007883
-1104.91693017
-1104.91687576
-1104.91733418
-1104.91889220
-1104.91953132
-1104.91745267
-1104.91412403
-1104.91807752
Null
-1104.89782354
-1104.91854573
-1104.91696246
-1104.92228222
-1104.90337410
-1104.91660340
-1104.91266413
-1104.89973634
-1104.91383946
-1104.91684738
-1104.91120160
-1104.91663658
-1104.91407660
-1104.91091654
-1104.90742235
-1104.91807589
-1104.91558547
-1104.90807300
-1104.91734345
-1104.91614679
-1104.92045724
-1104.90028003
-1104.91107817
Null
-1104.91166689
-1104.91421593
-1104.91132219
-1104.91982956
-1104.91424845
-1104.90670551
-1104.91307119
-1104.91476697
-1104.91508336
-1104.91740229
-1104.89473767
-1104.91968753
-1104.91773032
-1104.91454994
-1104.91255904
-1104.91492596
-1104.90368209
-1104.90601104
-1104.91393691
-1104.91302918
-1104.91699197
-1104.91448335
-1104.91972485
Null
-1104.89816699
-1104.91385474
-1104.91948274
-1104.91822227
-1104.91917336
-1104.91785486
-1104.91810470
-1104.91708499
-1104.91871586
-1104.91704296
-1104.91310596
-1104.91616899
-1104.91608730
-1104.91441702
-1104.91400489
-1104.91151307
-1104.91146311
-1104.91705753
-1104.91866287
-1104.91226635
-1104.92019175
-1104.91123189
-1104.91920476
Null
-1104.90763685
-1104.91524726
-1104.91764745
-1104.91097964
-1104.91386836
-1104.91468749
-1104.91070919
-1104.91875659
-1104.91490377
-1104.91000131
-1104.91619813
-1104.90948816
-1104.91867845
-1104.90978425
-1104.90822936
-1104.91523685
-1104.91617077
-1104.91043818
-1104.91725803
-1104.89515134
-1104.91034070
-1104.91574043
-1104.90771136
Null
-1104.90876934
-1104.91852555
-1104.90653262
-1104.89477709
-1104.91120181
-1104.90108582
-1104.91310688
-1104.91827521
-1104.91388583
-1104.91194433
-1104.91095386
-1104.90772142
-1104.91413308
-1104.91843339
-1104.91668708
-1104.91723758
-1104.91404871
-1104.91211913
-1104.91939449
-1104.91631464
-1104.91516299
-1104.91105114
-1104.91677884
Null
-1104.91666986
-1104.91230484
-1104.91190078
-1104.92061982
-1104.91646347
-1104.91910398
-1104.91510486
-1104.91793913
-1104.91680836
-1104.91815507
-1104.91086026
-1104.91910730
-1104.91773271
-1104.91772498
-1104.91814742
-1104.91345803
-1104.91627265
-1104.91749515
-1104.91770254
-1104.91675034
-1104.91658171
-1104.89900693
-1104.91300442
Null
-1104.90909874
-1104.91974816
-1104.91755002
-1104.91721504
-1104.91568947
-1104.89936794
-1104.91693887
-1104.91849577
-1104.91581850
-1104.91689845
-1104.91917436
-1104.91851871
-1104.90938445
-1104.91335888
-1104.91070299
-1104.89582090
-1104.89435583
-1104.91373689
-1104.91088596
-1104.91564326
-1104.90081743
-1104.89783429
-1104.91764716
Null
-1104.91702972
-1104.91387100
-1104.91397366
-1104.89632217
-1104.90788445
-1104.91251380
-1104.91246625
-1104.90037269
-1104.89706708
-1104.91314399
-1104.91605047
-1104.91881035
-1104.92278155
-1104.89672251
-1104.89879833
-1104.91977826
-1104.91742633
-1104.91589904
-1104.91202820
-1104.91163121
-1104.90751998
-1104.91850746
-1104.91852930
Null
-1104.91797410
-1104.92158788
-1104.91256241
-1104.90466627
-1104.90977795
-1104.91055141
-1104.91959156
-1104.91270952
-1104.92096535
-1104.91821221
-1104.91054378
-1104.91491568
-1104.90808495
-1104.90691812
-1104.91649260
-1104.91088114
-1104.91542285
-1104.91531758
-1104.91453937
-1104.90711749
-1104.90973737
-1104.90963361
-1104.90477283
Null
-1104.91045411
-1104.91335928
-1104.91049885
-1104.90943096
-1104.90538026
-1104.89368175
-1104.90940212
-1104.91679022
-1104.91143639
-1104.91146505
-1104.91906937
-1104.92083570
-1104.91398498
-1104.91526755
-1104.91648783
-1104.91679057
-1104.90051781
-1104.91821102
-1104.92002886
-1104.91759772
-1104.91248108
-1104.90250049
-1104.91985944
Null
-1104.91852216
-1104.91917403
-1104.91652771
-1104.90933328
-1104.91091683
-1104.91461447
-1104.90152913
-1104.90828274
-1104.91251412
-1104.90012764
-1104.91538603
-1104.91688961
-1104.91817623
-1104.90185952
-1104.90708776
-1104.92042433
-1104.91725116
-1104.90946024
-1104.91891371
-1104.90795737
-1104.91363314
-1104.91866429
-1104.90965022
Null
-1104.90680012
-1104.90097081
-1104.90394108
-1104.90948137
-1104.91257341
-1104.90599734
-1104.91794774
-1104.91663644
-1104.91421566
-1104.91545596
-1104.90672053
-1104.91480229
-1104.91973231
-1104.90565829
-1104.90368586
-1104.91232850
-1104.91573057
-1104.91365814
-1104.90785264
-1104.89926222
-1104.91411896
-1104.91909218
-1104.91559371
Null
-1104.89483272
-1104.91365086
-1104.91375949
-1104.91245274
-1104.91568223
-1104.90488819
-1104.91386049
-1104.91671599
-1104.91580159
-1104.92223637
-1104.90418529
-1104.89618474
-1104.90285696
-1104.89569082
-1104.90941148
-1104.91439502
-1104.90131563
-1104.89154483
-1104.91035058
-1104.91588885
-1104.91262046
-1104.90910296
-1104.91228482
Null
-1104.91413717
-1104.92101403
-1104.90478688
-1104.90503638
-1104.90558529
-1104.91371821
-1104.90100842
-1104.89428275
-1104.91868045
-1104.91456143
-1104.91680785
-1104.91733969
-1104.91010235
-1104.92033181
-1104.90056080
-1104.91557936
-1104.91676603
-1104.91406167
-1104.91287953
-1104.90869523
-1104.91247864
-1104.90889978
-1104.91930858
Null
-1104.89376154
-1104.90790629
-1104.91183002
-1104.91301634
-1104.90166618
-1104.91044842
-1104.91958880
-1104.90850212
-1104.91942472
-1104.91040312
-1104.91337350
-1104.91048950
-1104.90942291
-1104.91876413
-1104.91852215
-1104.91962428
-1104.91357884
-1104.91805457
-1104.91112062
-1104.89645799
-1104.90689907
-1104.89236430
-1104.91576134
Null
-1104.91783532
-1104.91659541
-1104.91514207
-1104.89224522
-1104.91677585
-1104.90521426
-1104.90982699
-1104.91671785
-1104.91972046
-1104.91461975
-1104.90614329
-1104.91567558
-1104.92068587
-1104.91395830
-1104.92031540
-1104.89997503
-1104.91162639
-1104.91103881
-1104.90521312
-1104.89680234
-1104.91619220
-1104.91531665
-1104.89427034
Null
-1104.90948930
-1104.91387921
-1104.91849913
-1104.91648269
-1104.91495496
-1104.91948691
-1104.91666439
-1104.91657334
-1104.91799477
-1104.91722050
-1104.91305295
-1104.91399913
-1104.90783781
-1104.91536525
-1104.91456843
-1104.91875664
-1104.91291048
-1104.91938209
-1104.91752493
-1104.90776350
-1104.91150020
-1104.89048878
-1104.91582075
Null
-1104.91289034
-1104.92159001
-1104.91967171
-1104.91105043
-1104.91673003
-1104.91725942
-1104.91802555
-1104.91726244
-1104.91535286
-1104.91609060
-1104.91678632
-1104.91804771
-1104.91347493
-1104.91106719
-1104.91782437
-1104.91561114
-1104.91062222
-1104.91722736
-1104.90968415
-1104.91511705
-1104.90231170
-1104.91493191
-1104.91874708
Null
-1104.89428304
-1104.91662742
-1104.92102119
-1104.91243388
-1104.91632293
-1104.90820764
-1104.91143758
-1104.91493658
-1104.90800191
-1104.91770904
-1104.91340316
-1104.91808719
-1104.91068461
-1104.92108329
-1104.91889733
-1104.91138268
-1104.92126754
-1104.91414499
-1104.91309447
-1104.91059376
-1104.92048259
-1104.91754513
-1104.91534029
Null
-1104.90394790
-1104.91935648
-1104.91600962
-1104.91947844
-1104.91755817
-1104.91815262
-1104.91764203
-1104.91499894
-1104.91343211
-1104.91847992
-1104.91818859
-1104.91198315
-1104.90817113
-1104.91637513
-1104.91643263
-1104.91917393
-1104.90056900
-1104.90808837
-1104.91011211
-1104.92002077
-1104.91151755
-1104.91740009
-1104.91382628
Null
-1104.91886401
-1104.91942470
-1104.90867408
-1104.91452278
-1104.91517653
-1104.91612555
-1104.91855897
-1104.91664882
-1104.90187700
-1104.91168235
-1104.90997768
-1104.91150821
-1104.91790104
-1104.91684200
-1104.91713069
-1104.89669570
-1104.91646617
-1104.91334013
-1104.91465811
-1104.90004282
-1104.89942658
-1104.91599873
-1104.91341651
Null
-1104.91410451
-1104.90626272
-1104.91404820
-1104.91077880
-1104.91725867
-1104.91802996
-1104.91346238
-1104.90871318
-1104.90672079
-1104.91219990
-1104.91619976
-1104.91570606
-1104.90530222
-1104.89838519
-1104.91339268
-1104.91814134
-1104.92128814
-1104.91398599
-1104.91691374
-1104.91557367
-1104.91139282
-1104.90703782
-1104.91467390
Null
-1104.91650303
-1104.91522893
-1104.91493673
-1104.91803717
-1104.89906511
-1104.89828833
-1104.89332760
-1104.91723771
-1104.91713265
-1104.91415469
-1104.91589478
-1104.92102931
-1104.91474390
-1104.91776665
-1104.90801194
-1104.91702369
-1104.91768754
-1104.91294527
-1104.91005431
-1104.91713759
-1104.91744949
-1104.91285173
-1104.91326695
Null
-1104.91451546
-1104.91662804
-1104.91171066
-1104.91627494
-1104.91482686
-1104.91834970
-1104.91980246
-1104.91711422
-1104.91955221
-1104.91813131
-1104.92120084
-1104.91989768
-1104.91393272
-1104.91097055
-1104.91126095
-1104.90214659
-1104.91726255
-1104.90479196
-1104.90853390
-1104.91905161
-1104.90334599
-1104.91578839
-1104.91386509
Null
-1104.91658716
-1104.91139612
-1104.91766972
-1104.91591102
-1104.91261825
-1104.91578412
-1104.91064971
-1104.91193507
-1104.90548034
-1104.91097512
-1104.90657413
-1104.90542707
-1104.91575668
-1104.91282133
-1104.90287524
-1104.90644828
-1104.91402716
-1104.91261785
-1104.91506018
-1104.91919019
-1104.90399634
-1104.91718379
-1104.90889211
Null
-1104.91839744
-1104.91736981
-1104.91806219
-1104.91859976
-1104.91525623
-1104.91906077
-1104.91897909
-1104.91986279
-1104.91874785
-1104.91579499
-1104.91600216
-1104.90949446
-1104.92017093
-1104.91373012
-1104.91098660
-1104.90880501
-1104.90695156
-1104.91697156
-1104.91462248
-1104.90853388
-1104.91223176
-1104.90173855
-1104.90487448
Null
-1104.90695486
-1104.90644644
-1104.91747250
-1104.91150810
-1104.91839380
-1104.91387558
-1104.91839213
-1104.91674998
-1104.91535261
-1104.90067614
-1104.89870856
-1104.90247595
-1104.91113858
-1104.90267293
-1104.91876920
-1104.90825561
-1104.91275566
-1104.90611698
-1104.92127695
-1104.91974307
-1104.91991355
-1104.91115852
-1104.91362992
Null
-1104.91160710
-1104.90563927
-1104.91379061
-1104.91663805
-1104.91109508
-1104.91113068
-1104.91870334
-1104.91633668
-1104.91758815
-1104.91857338
-1104.90792020
-1104.91886470
-1104.91821065
-1104.90997768
-1104.91862752
-1104.90994806
-1104.91913843
-1104.90264174
-1104.91619944
-1104.91326518
-1104.91872687
-1104.91181873
-1104.91306719
Null
-1104.91684945
-1104.90856805
-1104.90334762
-1104.89111760
-1104.90570289
-1104.90481957
-1104.91691846
-1104.91284453
-1104.91868995
-1104.91594976
-1104.91417348
-1104.91877549
-1104.91652414
-1104.92141629
-1104.91444344
-1104.91704105
-1104.91517606
-1104.91908015
-1104.91873733
-1104.91723686
-1104.91415642
-1104.90225436
-1104.90975051
Null
-1104.89866098
-1104.91952579
-1104.91002163
-1104.90613478
-1104.91674296
-1104.89470832
-1104.91724918
-1104.91579463
-1104.91742579
-1104.91735468
-1104.90650771
-1104.91562494
-1104.91423851
-1104.89612907
-1104.91897188
-1104.91642366
-1104.91552195
-1104.91620806
-1104.91842438
-1104.91858655
-1104.91398588
-1104.91433838
-1104.91090019
Null
-1104.91752853
-1104.91206479
-1104.89513226
-1104.91818084
-1104.90929641
-1104.91991022
-1104.91096760
-1104.90580825
-1104.91415682
-1104.89464786
-1104.91653226
-1104.91278645
-1104.91246038
-1104.91638046
-1104.90948706
-1104.90026387
-1104.91735435
-1104.91406420
-1104.91793418
-1104.89339883
-1104.91884276
-1104.91461676
-1104.91365211
Null
-1104.90855982
-1104.91065284
-1104.90974791
-1104.91564752
-1104.91689875
-1104.91929102
-1104.91053246
-1104.91735016
-1104.91442032
-1104.91806911
-1104.91291438
-1104.90974962
-1104.90590325
-1104.89735837
-1104.91665833
-1104.91552416
-1104.90647127
-1104.91936838
-1104.90866808
-1104.91424304
-1104.91601574
-1104.91439307
-1104.91786747
Null
-1104.90667962
-1104.91749690
-1104.91222472
-1104.89455003
-1104.91045351
-1104.91444638
-1104.91384158
-1104.91291293
-1104.91575540
-1104.91032102
-1104.90719983
-1104.91683329
-1104.91429904
-1104.91901974
-1104.91451051
-1104.91380771
-1104.91694702
-1104.91324175
-1104.91560678
-1104.91477341
-1104.91069806
-1104.91004955
-1104.91473883
Null
-1104.91592282
-1104.91608188
-1104.91995112
-1104.91558805
-1104.91389043
-1104.89483924
-1104.91413645
-1104.90924387
-1104.90923811
-1104.90006053
-1104.91139515
-1104.90865219
-1104.92110805
-1104.91625167
-1104.90555336
-1104.91357220
-1104.91592062
-1104.91832485
-1104.91885688
-1104.91416758
-1104.91672129
-1104.91777524
-1104.89887153
Null
-1104.90471710
-1104.90530569
-1104.91120864
-1104.90494847
-1104.91424629
-1104.91576519
-1104.91284579
-1104.91360058
-1104.91603881
-1104.91571228
-1104.90452441
-1104.91063912
-1104.91409076
-1104.91701481
-1104.91614440
-1104.91916610
-1104.89449871
-1104.90668596
-1104.90702638
-1104.89818589
-1104.91871437
-1104.90859317
-1104.89945516
Null
-1104.91317537
-1104.91582356
-1104.92017025
-1104.91848859
-1104.91652296
-1104.91883654
-1104.91573875
-1104.92047672
-1104.91882671
-1104.91661527
-1104.91666474
-1104.91568356
-1104.91822780
-1104.91526668
-1104.90022502
-1104.91712756
-1104.90588672
-1104.91471024
-1104.90745687
-1104.91729083
-1104.90367902
-1104.90332393
-1104.91312326
Null
-1104.90953804
-1104.90765560
-1104.91475473
-1104.90235538
-1104.91077498
-1104.89706575
-1104.90674721
-1104.91487514
-1104.91574316
-1104.91720827
-1104.90921085
-1104.91583502
-1104.91939814
-1104.91669504
-1104.90670895
-1104.91588830
-1104.91428925
-1104.91530378
-1104.92103915
-1104.91576690
-1104.91655229
-1104.90491291
-1104.91272224
Null
-1104.91263683
-1104.92068608
-1104.91227058
-1104.91698043
-1104.91640999
-1104.91953613
-1104.90111069
-1104.90526648
-1104.91098291
-1104.91370531
-1104.91811567
-1104.91575804
-1104.90469446
-1104.91456190
-1104.91780275
-1104.91646964
-1104.90619894
-1104.91325741
-1104.91084791
-1104.91808184
-1104.89670333
-1104.91869148
-1104.91968767
Null
-1104.91867549
-1104.91719430
-1104.92072991
-1104.91922867
-1104.91641762
-1104.91981907
-1104.91996164
-1104.91642504
-1104.91252821
-1104.91021976
-1104.91125914
-1104.90831436
-1104.91827687
-1104.91543405
-1104.91911980
-1104.91437715
-1104.91958058
-1104.91334320
-1104.91580877
-1104.92028748
-1104.91329819
-1104.91612893
-1104.91142663
Null
-1104.91624929
-1104.91521217
-1104.90997758
-1104.91690888
-1104.91747773
-1104.91480904
-1104.91045430
-1104.91309721
-1104.92044345
-1104.91341185
-1104.91839416
-1104.91968542
-1104.91681565
-1104.91366422
-1104.91465892
-1104.91187427
-1104.90430833
-1104.91112539
-1104.89561582
-1104.89441737
-1104.91566602
-1104.91870802
-1104.91651596
Null
-1104.91512537
-1104.91575396
-1104.91771981
-1104.91897306
-1104.91888438
-1104.91503509
-1104.90736405
-1104.91148167
-1104.91686432
-1104.91908061
-1104.91270823
-1104.90304258
-1104.91111697
-1104.91096495
-1104.89290424
-1104.91373474
-1104.91956798
-1104.91674852
-1104.91381742
-1104.92058138
-1104.91421199
-1104.91007491
-1104.90545811
Null
-1104.91867288
-1104.90979054
-1104.91720432
-1104.91589461
-1104.91824014
-1104.91674495
-1104.89571410
-1104.90175345
-1104.91879282
-1104.90939615
-1104.90268166
-1104.90518020
-1104.91821794
-1104.91324193
-1104.91253674
-1104.91070696
-1104.91985325
-1104.91251408
-1104.91313218
-1104.90836711
-1104.91267005
-1104.91509775
-1104.91254104
Null
-1104.89691832
-1104.89933162
-1104.91649718
-1104.90219048
-1104.91681054
-1104.91744890
-1104.90759899
-1104.91348097
-1104.91818883
-1104.91551849
-1104.91785573
-1104.91725614
-1104.90954468
-1104.91892694
-1104.91271673
-1104.91940202
-1104.91309039
-1104.91900574
-1104.91723389
-1104.90945491
-1104.90209589
-1104.92094591
-1104.90116138
Null
-1104.91611310
-1104.91731984
-1104.89321440
-1104.91708248
-1104.91210198
-1104.91128428
-1104.91133816
-1104.90595279
-1104.92208834
-1104.91879883
-1104.91923043
-1104.91843104
-1104.91496243
-1104.89463928
-1104.90683951
-1104.91924577
-1104.91802529
-1104.91633259
-1104.90461027
-1104.90069027
-1104.91618377
-1104.91776368
-1104.90305154
Null
-1104.89773588
-1104.90655647
-1104.89897484
-1104.90832799
-1104.91772163
-1104.89746706
-1104.91363129
-1104.91342118
-1104.91921781
-1104.92074017
-1104.91590445
-1104.91788293
-1104.90177574
-1104.91611604
-1104.91727038
-1104.91720223
-1104.91442801
-1104.91217694
-1104.90840776
-1104.91155905
-1104.91896951
-1104.91871820
-1104.90904462
Null
-1104.91351072
-1104.91283311
-1104.90867605
-1104.91376104
-1104.90685979
-1104.90431414
-1104.91727738
-1104.91831360
-1104.90466961
-1104.91208889
-1104.89923366
-1104.91715966
-1104.91710212
-1104.91281771
-1104.91836801
-1104.91973083
-1104.91488771
-1104.89847603
-1104.90873626
-1104.91433893
-1104.91619687
-1104.91848374
-1104.91434535
Null
-1104.91611634
-1104.91019572
-1104.91227557
-1104.91138865
-1104.91114174
-1104.91559218
-1104.91725978
-1104.89466875
-1104.91264118
-1104.91578013
-1104.91114647
-1104.91755791
-1104.91784906
-1104.91771853
-1104.89958200
-1104.91734251
-1104.91682627
-1104.90916868
-1104.91359677
-1104.91329802
-1104.91367273
-1104.91498091
-1104.91749261
Null
-1104.91525441
-1104.91168902
-1104.91465491
-1104.91887609
-1104.91304421
-1104.90056845
-1104.89505569
-1104.91518166
-1104.91479253
-1104.91459920
-1104.90927464
-1104.91838313
-1104.91476520
-1104.90988715
-1104.91508960
-1104.91174207
-1104.90118969
-1104.91865538
-1104.91996052
-1104.91939563
-1104.90922221
-1104.91187998
-1104.90670897
Null
-1104.91754097
-1104.92107208
-1104.91209237
-1104.91606681
-1104.91176328
-1104.91539806
-1104.91465986
-1104.91692803
-1104.91961147
-1104.91972032
-1104.91829470
-1104.91691535
-1104.90180874
-1104.91366205
-1104.91048371
-1104.91896147
-1104.91276108
-1104.92073020
-1104.91055913
-1104.91142637
-1104.91029291
-1104.92073673
-1104.91742532
Null
-1104.90505943
-1104.90857990
-1104.90528487
-1104.91799705
-1104.91764119
-1104.91197067
-1104.91710942
-1104.91015642
-1104.91652274
-1104.91297966
-1104.91681610
-1104.91591767
-1104.91711151
-1104.91795602
-1104.91304635
-1104.91578788
-1104.91660033
-1104.89256977
-1104.90602084
-1104.89490169
-1104.91889211
-1104.91606871
-1104.91806856
Null
-1104.91164604
-1104.91749623
-1104.91958874
-1104.91221640
-1104.91647267
-1104.90823156
-1104.90231265
-1104.91420027
-1104.91041645
-1104.92041088
-1104.91688799
-1104.91408375
-1104.91659347
-1104.90838672
-1104.90788411
-1104.91765523
-1104.90290871
-1104.90725974
-1104.91888115
-1104.90161438
-1104.91773950
-1104.90667603
-1104.91790222
Null
-1104.92164961
-1104.91893581
-1104.91400451
-1104.91363987
-1104.91841228
-1104.91236445
-1104.91862941
-1104.91421515
-1104.91568773
-1104.90928264
-1104.90341466
-1104.89396560
-1104.91082192
-1104.91892440
-1104.90225051
-1104.91284672
-1104.90599676
-1104.90411237
-1104.90711351
-1104.90092415
-1104.91964180
-1104.91511028
-1104.90603188
Null
-1104.91509599
-1104.90507264
-1104.91288552
-1104.90853549
-1104.91779111
-1104.91598232
-1104.91621574
-1104.89317656
-1104.91799304
-1104.90184103
-1104.91822524
-1104.91343181
-1104.91964416
-1104.91607392
-1104.91795543
-1104.91405838
-1104.91796957
-1104.91908139
-1104.91259029
-1104.90847952
-1104.91367975
-1104.90076728
-1104.91519199
Null
-1104.91811794
-1104.91617547
-1104.91824121
-1104.91082041
-1104.91802371
-1104.91160648
-1104.91355733
-1104.90876168
-1104.91340647
-1104.91365328
-1104.91407868
-1104.91432618
-1104.90123265
-1104.91241476
-1104.91725815
-1104.91486817
-1104.91589238
-1104.91704672
-1104.91596500
-1104.91418695
-1104.90927029
-1104.91809083
-1104.91721077
Null
-1104.91385302
-1104.90873226
-1104.90779249
-1104.90501837
-1104.91526092
-1104.90894467
-1104.92198278
-1104.91732296
-1104.91738440
-1104.91460615
-1104.90455808
-1104.91369234
-1104.90526809
-1104.90295336
-1104.91658452
-1104.91832560
-1104.91353229
-1104.91554704
-1104.90734806
-1104.91502154
-1104.91809604
-1104.91130999
-1104.91771502
Null
-1104.90816985
-1104.91483625
-1104.91250247
-1104.91561907
-1104.90031175
-1104.91785771
-1104.91645180
-1104.91436714
-1104.90969791
-1104.91421043
-1104.91451212
-1104.91825134
-1104.91471036
-1104.92134168
-1104.90514875
-1104.91311527
-1104.91556317
-1104.90734062
-1104.90405182
-1104.89823869
-1104.91735305
-1104.91275677
-1104.91249378
Null
-1104.90415924
-1104.91282252
-1104.91629978
-1104.91843455
-1104.91712917
-1104.91631196
-1104.91992716
-1104.91816523
-1104.91785988
-1104.91328793
-1104.91529920
-1104.89274204
-1104.91560420
-1104.91857176
-1104.90895261
-1104.91367928
-1104.91649895
-1104.91876652
-1104.91879544
-1104.91634908
-1104.91648976
-1104.92007627
-1104.90720018
Null
-1104.91881999
-1104.91835820
-1104.89357931
-1104.91747925
-1104.89640095
-1104.91200134
-1104.91318583
-1104.91046140
-1104.91559907
-1104.91474665
-1104.91836514
-1104.91508064
-1104.91397767
-1104.91557317
-1104.90566885
-1104.90579181
-1104.91687351
-1104.91411387
-1104.91615881
-1104.91597943
-1104.91197633
-1104.91720325
-1104.91558099
Null
-1104.91814969
-1104.91728474
-1104.91654313
-1104.91730831
-1104.91730160
-1104.91708092
-1104.91238594
-1104.91099064
-1104.91609152
-1104.91685869
-1104.91637381
-1104.91208333
-1104.90793183
-1104.91960450
-1104.91523773
-1104.91788910
-1104.91257606
-1104.90654020
-1104.91428365
-1104.91738497
-1104.91351699
-1104.92079539
-1104.89802839
Null
-1104.91354708
-1104.91248307
-1104.90985221
-1104.91684821
-1104.89479410
-1104.91545243
-1104.91491071
-1104.90737672
-1104.90020560
-1104.90571218
-1104.90106932
-1104.90660578
-1104.91461609
-1104.91533047
-1104.89301092
-1104.92103758
-1104.91278654
-1104.91745920
-1104.91854710
-1104.91999864
-1104.91629156
-1104.91012429
-1104.90847543
Null
-1104.90972325
-1104.91596026
-1104.91248403
-1104.91313703
-1104.90270144
-1104.90987856
-1104.90190953
-1104.91068395
-1104.91396551
-1104.91817667
-1104.91525460
-1104.91666495
-1104.91236362
-1104.91276201
-1104.91037546
-1104.90302274
-1104.91401119
-1104.91624484
-1104.91651888
-1104.89742339
-1104.91750096
-1104.91718403
-1104.90899062
Null
-1104.91516563
-1104.91201767
-1104.91150460
-1104.91028200
-1104.91982086
-1104.91621068
-1104.90388104
-1104.91897408
-1104.91456697
-1104.89718942
-1104.91229174
-1104.91542674
-1104.91936007
-1104.91527902
-1104.91606332
-1104.91572336
-1104.91550466
-1104.91635795
-1104.91482196
-1104.90956538
-1104.89857390
-1104.91770698
-1104.91839496
Null
-1104.90755860
-1104.91301152
-1104.91476553
-1104.91062526
-1104.91588721
-1104.91313531
-1104.91368665
-1104.91889181
-1104.91701934
-1104.91334450
-1104.91729460
-1104.91914981
-1104.91633211
-1104.91710780
-1104.91768323
-1104.91838240
-1104.91609621
-1104.90866178
-1104.91717977
-1104.91798154
-1104.91434799
-1104.90327496
-1104.91434738
Null
-1104.91490580
-1104.90365716
-1104.90008505
-1104.91789992
-1104.91820821
-1104.90282490
-1104.92053820
-1104.91395906
-1104.91920156
-1104.91564049
-1104.89377595
-1104.90741930
-1104.91951570
-1104.91562623
-1104.91677981
-1104.91273538
-1104.91578315
-1104.91632131
-1104.91391445
-1104.91463280
-1104.90403066
-1104.91494058
-1104.91634679
Null
-1104.91909340
-1104.91745919
-1104.91407784
-1104.90840168
-1104.90803782
-1104.89572785
-1104.90787540
-1104.92003924
-1104.91820412
-1104.90879507
-1104.91855531
-1104.90122577
-1104.90886074
-1104.91840394
-1104.89726226
-1104.91140460
-1104.91357601
-1104.91701847
-1104.91661054
-1104.91502348
-1104.91344276
-1104.91473845
-1104.89310645
Null
-1104.91748811
-1104.91698090
-1104.91882482
-1104.91398613
-1104.91567153
-1104.91689321
-1104.89366806
-1104.90972565
-1104.91365603
-1104.91696468
-1104.89719458
-1104.91195112
-1104.91047254
-1104.91628694
-1104.91764850
-1104.91288541
-1104.91751771
-1104.92045652
-1104.91905027
-1104.91829822
-1104.91707238
-1104.91787125
-1104.91973942
Null
-1104.91591687
-1104.90120976
-1104.91783911
-1104.89840055
-1104.90806044
-1104.89935551
-1104.91491122
-1104.91327292
-1104.91232924
-1104.91580077
-1104.91418541
-1104.91257983
-1104.91890349
-1104.91043677
-1104.91813715
-1104.90325584
-1104.91431521
-1104.91556728
-1104.91725115
-1104.91103276
-1104.92217740
-1104.90569954
-1104.91658569
Null
-1104.91616097
-1104.91458455
-1104.91520884
-1104.91443391
-1104.91525785
-1104.91934911
-1104.91420903
-1104.91695193
-1104.91902315
-1104.91851228
-1104.91444234
-1104.91192939
-1104.91331765
-1104.89708248
-1104.90653701
-1104.90384399
-1104.90887301
-1104.89367959
-1104.90785673
-1104.91769225
-1104.91706457
-1104.91701750
-1104.91188674
Null
-1104.91620948
-1104.91481187
-1104.91674307
-1104.90978056
-1104.91896370
-1104.91292530
-1104.91361497
-1104.91375063
-1104.89452461
-1104.89376145
-1104.91855617
-1104.90911632
-1104.92044823
-1104.91152354
-1104.91183176
-1104.91192158
-1104.91511012
-1104.91910753
-1104.91792951
-1104.89512005
-1104.92088289
-1104.91951461
-1104.90827026
Null
-1104.89328950
-1104.91232622
-1104.90751851
-1104.91555017
-1104.91335356
-1104.91010542
-1104.91685577
-1104.89249971
-1104.91309729
-1104.91490106
-1104.90927156
-1104.91574501
-1104.91160819
-1104.91001697
-1104.91657283
-1104.91911134
-1104.90926909
-1104.91172923
-1104.90659524
-1104.91087445
-1104.91988810
-1104.89281012
-1104.91169814
Null
-1104.91780408
-1104.91605930
-1104.91694136
-1104.91305258
-1104.91747661
-1104.91866071
-1104.90747038
-1104.91668923
-1104.91830719
-1104.91759281
-1104.91896445
-1104.89294438
-1104.91618075
-1104.91824194
-1104.91488563
-1104.91564611
-1104.91920872
-1104.91445221
-1104.92075798
-1104.92215084
-1104.91897806
-1104.91933088
-1104.90678112
Null
-1104.91393974
-1104.91326517
-1104.89966452
-1104.91760870
-1104.89912849
-1104.91943512
-1104.91650542
-1104.91864000
-1104.91489632
-1104.90998419
-1104.91545421
-1104.91343811
-1104.90920953
-1104.91722970
-1104.89951816
-1104.91966900
-1104.91222370
-1104.90245563
-1104.91664870
-1104.91564238
-1104.91716701
-1104.91780434
-1104.91022685
Null
-1104.90054189
-1104.90297228
-1104.91588671
-1104.91563039
-1104.91754246
-1104.91671056
-1104.91780479
-1104.91807014
-1104.91860242
-1104.91138668
-1104.91649972
-1104.91555079
-1104.91662483
-1104.91753694
-1104.91670337
-1104.90651782
-1104.91659037
-1104.91187215
-1104.91017313
-1104.90596311
-1104.91427010
-1104.91666209
-1104.90923476
Null
-1104.91474074
-1104.91813363
-1104.91868787
-1104.90955235
-1104.90981026
-1104.91393830
-1104.91457655
-1104.91254458
-1104.91408554
-1104.91884092
-1104.91878989
-1104.90871225
-1104.91384808
-1104.91360314
-1104.91363532
-1104.91506707
-1104.90476038
-1104.89770847
-1104.91696275
-1104.90494883
-1104.91187473
-1104.91318525
-1104.91678071
Null
-1104.91513943
-1104.89563406
-1104.91913467
-1104.91343698
-1104.90564174
-1104.91087601
-1104.90751245
-1104.90310386
-1104.91617361
-1104.91996928
-1104.91015059
-1104.90610991
-1104.90683760
-1104.90805928
-1104.91596523
-1104.91009585
-1104.89817062
-1104.91613118
-1104.91804728
-1104.90021342
-1104.91079751
-1104.90609589
-1104.89355640
Null
-1104.90472315
-1104.91805400
-1104.91539912
-1104.91306817
-1104.91946292
-1104.91951694
-1104.91818474
-1104.91465949
-1104.91694811
-1104.91893206
-1104.91606928
-1104.91107510
-1104.91769498
-1104.90938676
-1104.91694456
-1104.91658708
-1104.90100715
-1104.91341559
-1104.91949990
-1104.91465771
-1104.91882455
-1104.91495830
-1104.91064547
Null
-1104.91308415
-1104.90879325
-1104.91619067
-1104.90922335
-1104.91457016
-1104.91407323
-1104.91503787
-1104.90042969
-1104.91603514
-1104.90830292
-1104.91332526
-1104.90987000
-1104.89843691
-1104.90257270
-1104.91224715
-1104.90672265
-1104.91049858
-1104.91739649
-1104.91616479
-1104.91126187
-1104.91549273
-1104.91920202
-1104.91963427
Null
