-1104.64102926
-1104.64318991
-1104.64515209
-1104.62709321
-1104.63662290
-1104.64156799
-1104.64052671
-1104.64368557
-1104.64303607
-1104.64592384
-1104.64013169
-1104.61861021
-1104.64048810
-1104.64312207
-1104.64240672
-1104.64326733
-1104.64243508
-1104.64289406
-1104.64670801
-1104.64617710
-1104.64564927
-1104.64030272
-1104.64051830
Null
-1104.64261479
-1104.63569118
-1104.64416864
-1104.64629743
-1104.63883040
-1104.64320119
-1104.64110606
-1104.63513225
-1104.63507298
-1104.64673313
-1104.64310213
-1104.64547515
-1104.64718833
-1104.64295400
-1104.63719255
-1104.64376631
-1104.64527716
-1104.63547594
-1104.64382187
-1104.62769063
-1104.63637685
-1104.64444075
-1104.64174655
Null
-1104.64252885
-1104.63672239
-1104.63438468
-1104.64236828
-1104.64104078
-1104.64129112
-1104.64240303
-1104.62985721
-1104.64313283
-1104.64409298
-1104.64360597
-1104.63994264
-1104.63532869
-1104.64314839
-1104.64162846
-1104.63590143
-1104.63364499
-1104.63032694
-1104.63994415
-1104.64296057
-1104.64011148
-1104.63352925
-1104.64294454
Null
-1104.64473056
-1104.64225691
-1104.64564907
-1104.62925377
-1104.64256278
-1104.64581722
-1104.64324290
-1104.64488769
-1104.64321202
-1104.64049630
-1104.63426852
-1104.64551985
-1104.64654934
-1104.64447539
-1104.64274115
-1104.64186517
-1104.64036451
-1104.63995972
-1104.64584817
-1104.62642909
-1104.64065846
-1104.64401949
-1104.63832116
Null
-1104.64337667
-1104.64507145
-1104.64486192
-1104.63321245
-1104.63942788
-1104.61938316
-1104.63685602
-1104.63687453
-1104.63221471
-1104.64327389
-1104.62552383
-1104.64281521
-1104.64431722
-1104.63421966
-1104.64708478
-1104.62674984
-1104.64323716
-1104.63843709
-1104.63604331
-1104.61555379
-1104.64439820
-1104.63636045
-1104.64471132
Null
-1104.61879858
-1104.63800432
-1104.64344223
-1104.64446651
-1104.64659822
-1104.63390146
-1104.63135072
-1104.64480717
-1104.63966325
-1104.64203532
-1104.63999942
-1104.64130153
-1104.64373056
-1104.64600364
-1104.63156619
-1104.63164860
-1104.64401336
-1104.63710008
-1104.64069723
-1104.61555771
-1104.64609904
-1104.64405309
-1104.64271171
Null
-1104.63257617
-1104.64268092
-1104.64269428
-1104.64494119
-1104.63904841
-1104.64130355
-1104.64087850
-1104.62855762
-1104.63320700
-1104.63852098
-1104.64272489
-1104.61334170
-1104.63306333
-1104.63951842
-1104.63282246
-1104.64193209
-1104.64201852
-1104.64410708
-1104.64625805
-1104.64124869
-1104.63895201
-1104.64215550
-1104.64635661
Null
-1104.64241624
-1104.63929096
-1104.63852347
-1104.64042066
-1104.64334352
-1104.64301617
-1104.64154037
-1104.63954489
-1104.64400676
-1104.64219429
-1104.64391364
-1104.64572775
-1104.64115204
-1104.64245366
-1104.63899504
-1104.61762269
-1104.64467294
-1104.64201284
-1104.64563774
-1104.64007662
-1104.64278214
-1104.63589036
-1104.64219602
Null
-1104.61175886
-1104.64459985
-1104.64590760
-1104.64421124
-1104.64441118
-1104.63368706
-1104.64396330
-1104.64335134
-1104.62659540
-1104.63747295
-1104.64413617
-1104.64166119
-1104.64539939
-1104.63943274
-1104.64208142
-1104.64260348
-1104.64533862
-1104.64191546
-1104.63201490
-1104.64169866
-1104.64539904
-1104.62435858
-1104.64125868
Null
-1104.64323572
-1104.63843675
-1104.62373587
-1104.62882664
-1104.64300630
-1104.64243510
-1104.64712334
-1104.64368051
-1104.64136719
-1104.64209631
-1104.62858618
-1104.63027081
-1104.64377568
-1104.64392300
-1104.62910028
-1104.64233325
-1104.64443133
-1104.64696384
-1104.63785203
-1104.64080584
-1104.64598728
-1104.61642132
-1104.63197703
Null
-1104.62337668
-1104.63946466
-1104.63661389
-1104.64089050
-1104.63652947
-1104.63928264
-1104.63932931
-1104.64249399
-1104.64217753
-1104.63249234
-1104.64494760
-1104.63826633
-1104.61897252
-1104.63074473
-1104.64348841
-1104.63532716
-1104.63909906
-1104.63164494
-1104.64180035
-1104.63257587
-1104.64081751
-1104.64383095
-1104.64218759
Null
-1104.63504173
-1104.64232196
-1104.63885423
-1104.64261699
-1104.64532715
-1104.64330557
-1104.64679772
-1104.64003800
-1104.63890763
-1104.64356238
-1104.64506827
-1104.64269580
-1104.64200687
-1104.63895475
-1104.63714091
-1104.62506956
-1104.63623378
-1104.64603094
-1104.63844217
-1104.63930862
-1104.63447520
-1104.64213309
-1104.63057986
Null
-1104.63893521
-1104.63171087
-1104.64246997
-1104.63874884
-1104.62739620
-1104.63355568
-1104.63959583
-1104.64214474
-1104.61925379
-1104.62886873
-1104.63840277
-1104.63789420
-1104.64146800
-1104.64476058
-1104.64157141
-1104.63389464
-1104.62697584
-1104.64550704
-1104.64357616
-1104.61424421
-1104.62595728
-1104.63526125
-1104.64214711
Null
-1104.63201194
-1104.64822063
-1104.64238386
-1104.64183850
-1104.64669653
-1104.61835681
-1104.64118833
-1104.64608338
-1104.64437682
-1104.64586686
-1104.64070835
-1104.64728876
-1104.63543384
-1104.63180778
-1104.64147012
-1104.63631725
-1104.63019093
-1104.64576092
-1104.64350276
-1104.63909465
-1104.64356963
-1104.64671636
-1104.64300315
Null
-1104.62341248
-1104.62646304
-1104.64469099
-1104.63088954
-1104.64270164
-1104.64115432
-1104.64120203
-1104.64472686
-1104.64244008
-1104.64088115
-1104.64046437
-1104.63577806
-1104.64224510
-1104.61522577
-1104.64248840
-1104.64625660
-1104.64478166
-1104.64063306
-1104.63766399
-1104.64356329
-1104.64117629
-1104.64583960
-1104.64295046
Null
-1104.61796386
-1104.64268274
-1104.64503557
-1104.63862692
-1104.63897310
-1104.64012397
-1104.63154305
-1104.64390993
-1104.62618693
-1104.64071919
-1104.64393447
-1104.63761906
-1104.64799528
-1104.64210276
-1104.64309922
-1104.64163469
-1104.64563068
-1104.64519940
-1104.64330588
-1104.64515212
-1104.64107557
-1104.63774879
-1104.64228961
Null
-1104.64237278
-1104.63412029
-1104.63162316
-1104.63094403
-1104.64004405
-1104.64215358
-1104.64515302
-1104.64133925
-1104.64717635
-1104.64593083
-1104.63823127
-1104.64287357
-1104.64361704
-1104.64059059
-1104.64575240
-1104.64165486
-1104.63110490
-1104.64554489
-1104.64486366
-1104.64114118
-1104.64231925
-1104.63989081
-1104.64324641
Null
-1104.64447288
-1104.63991171
-1104.64067492
-1104.64423925
-1104.64291596
-1104.64361989
-1104.64255050
-1104.64187977
-1104.63887020
-1104.64502466
-1104.63954645
-1104.63475429
-1104.64612202
-1104.63980296
-1104.63908113
-1104.64615956
-1104.63894558
-1104.64692634
-1104.64282276
-1104.64427201
-1104.64409603
-1104.61486341
-1104.64119599
Null
-1104.63700405
-1104.63273969
-1104.63029517
-1104.63907133
-1104.63645448
-1104.62738088
-1104.64083982
-1104.63838188
-1104.62365784
-1104.64619943
-1104.64535131
-1104.63810503
-1104.63331589
-1104.64469552
-1104.64158352
-1104.63900278
-1104.64173650
-1104.64094366
-1104.63858814
-1104.63627526
-1104.63072457
-1104.63653726
-1104.64594425
Null
-1104.64738478
-1104.64622916
-1104.64472159
-1104.62785973
-1104.62869274
-1104.63977393
-1104.64191629
-1104.64118011
-1104.63453371
-1104.64543266
-1104.64397478
-1104.63608790
-1104.62624132
-1104.63056100
-1104.64106631
-1104.63598079
-1104.62731295
-1104.64136855
-1104.63477289
-1104.63862652
-1104.64196293
-1104.64211098
-1104.63871809
Null
-1104.64460423
-1104.63952184
-1104.63075089
-1104.63589578
-1104.64334817
-1104.64275314
-1104.63113402
-1104.64343036
-1104.64143714
-1104.64560263
-1104.64075328
-1104.62583560
-1104.63883836
-1104.64612610
-1104.64193612
-1104.64202562
-1104.64401803
-1104.63699863
-1104.64213195
-1104.64607263
-1104.64168652
-1104.64509736
-1104.63764890
Null
-1104.63092666
-1104.63545847
-1104.64551693
-1104.63428231
-1104.64328226
-1104.64360757
-1104.63509347
-1104.64270685
-1104.63842992
-1104.64575307
-1104.63732576
-1104.64339386
-1104.64419868
-1104.64168837
-1104.64278085
-1104.64298108
-1104.64631388
-1104.62311083
-1104.64403576
-1104.63920726
-1104.63930318
-1104.63994000
-1104.64130238
Null
-1104.63904700
-1104.63012141
-1104.63741456
-1104.63122487
-1104.63884060
-1104.64567553
-1104.64202994
-1104.63261772
-1104.64273470
-1104.62652375
-1104.64212948
-1104.63877285
-1104.63789329
-1104.63217789
-1104.63182990
-1104.64322841
-1104.64738728
-1104.63886077
-1104.63214591
-1104.64312751
-1104.62016048
-1104.64063681
-1104.64300162
Null
-1104.64041873
-1104.64259590
-1104.63950209
-1104.64529570
-1104.64376750
-1104.64492536
-1104.64612827
-1104.64348425
-1104.64342053
-1104.64582199
-1104.63153726
-1104.64077240
-1104.64773903
-1104.64434442
-1104.64268578
-1104.63322505
-1104.62691597
-1104.63939446
-1104.64150932
-1104.64413299
-1104.62765352
-1104.64351892
-1104.64012312
Null
-1104.64174899
-1104.62121101
-1104.64477429
-1104.64498681
-1104.64143398
-1104.62685166
-1104.64170288
-1104.64606124
-1104.64579378
-1104.63434353
-1104.64330142
-1104.64181662
-1104.64211140
-1104.64567184
-1104.64435923
-1104.64742676
-1104.61802170
-1104.63945263
-1104.63240901
-1104.64249720
-1104.63696804
-1104.64264772
-1104.63438448
Null
-1104.64284680
-1104.64614268
-1104.64153053
-1104.64398717
-1104.63941517
-1104.63153116
-1104.63864307
-1104.64722208
-1104.63813509
-1104.64248836
-1104.63664381
-1104.63885559
-1104.61314989
-1104.64296627
-1104.64470662
-1104.64037919
-1104.64618329
-1104.64629721
-1104.64413168
-1104.63207206
-1104.63804187
-1104.64285343
-1104.64363123
Null
-1104.63864518
-1104.63593998
-1104.64180989
-1104.64308358
-1104.64547286
-1104.64448130
-1104.64690480
-1104.64311199
-1104.64748959
-1104.64525382
-1104.64698763
-1104.62227369
-1104.64115148
-1104.64523769
-1104.64051382
-1104.63349142
-1104.64504250
-1104.64610799
-1104.64023787
-1104.63438871
-1104.64324513
-1104.63729248
-1104.64658742
Null
-1104.63815259
-1104.64600692
-1104.62798390
-1104.64108580
-1104.63881459
-1104.63799555
-1104.64188517
-1104.64287857
-1104.64020464
-1104.63234998
-1104.63348985
-1104.62487459
-1104.64266786
-1104.63924416
-1104.64287062
-1104.64085354
-1104.63712698
-1104.63586714
-1104.64034674
-1104.64397671
-1104.64611149
-1104.64344318
-1104.64095380
Null
-1104.63560920
-1104.63577282
-1104.64531187
-1104.64158955
-1104.63749009
-1104.64299279
-1104.63001856
-1104.63482240
-1104.62825293
-1104.63751598
-1104.64093172
-1104.62349764
-1104.64177006
-1104.64455639
-1104.64399205
-1104.64115527
-1104.63089014
-1104.63709674
-1104.63909485
-1104.64649311
-1104.64098750
-1104.64210008
-1104.64301001
Null
-1104.63294563
-1104.63883047
-1104.64261855
-1104.64289200
-1104.64283556
-1104.64565399
-1104.64592223
-1104.64573686
-1104.62603118
-1104.63916879
-1104.64284588
-1104.64727421
-1104.64212804
-1104.64180556
-1104.64415899
-1104.64181499
-1104.64320786
-1104.64084113
-1104.64480724
-1104.64307084
-1104.63887912
-1104.64215206
-1104.64131559
Null
-1104.63857388
-1104.63955054
-1104.64063135
-1104.63851340
-1104.64228691
-1104.64128941
-1104.64247530
-1104.63720691
-1104.64000362
-1104.64495897
-1104.63950195
-1104.64590085
-1104.64180781
-1104.63973701
-1104.63978770
-1104.64248253
-1104.64485992
-1104.64070745
-1104.63103956
-1104.63695040
-1104.64264284
-1104.64369057
-1104.64539291
Null
-1104.64085469
-1104.63340011
-1104.64428403
-1104.64200304
-1104.64567946
-1104.63367447
-1104.61700540
-1104.64094806
-1104.64142274
-1104.64099138
-1104.64070285
-1104.63669645
-1104.64050717
-1104.64102734
-1104.64119748
-1104.64052419
-1104.62629122
-1104.64062142
-1104.63109043
-1104.64262621
-1104.63481981
-1104.63888565
-1104.64330287
Null
-1104.64488481
-1104.63593593
-1104.62912824
-1104.63767279
-1104.64428103
-1104.63945216
-1104.64634165
-1104.64394579
-1104.64545060
-1104.64086059
-1104.64225940
-1104.64201168
-1104.64177147
-1104.64123194
-1104.64742037
-1104.61341171
-1104.64389382
-1104.62065123
-1104.64538969
-1104.63884202
-1104.64379293
-1104.64658103
-1104.63855037
Null
-1104.63900911
-1104.64001820
-1104.64537003
-1104.61471815
-1104.62130434
-1104.64026597
-1104.62967079
-1104.64011328
-1104.64299444
-1104.64423987
-1104.63193265
-1104.61852173
-1104.63901387
-1104.64213271
-1104.62533459
-1104.64070966
-1104.64592318
-1104.63970315
-1104.64056491
-1104.61707243
-1104.64541470
-1104.64036021
-1104.64092827
Null
-1104.64368484
-1104.64484602
-1104.63930525
-1104.64353413
-1104.63996313
-1104.63458150
-1104.64556595
-1104.61825850
-1104.64273927
-1104.64376589
-1104.64122822
-1104.63655996
-1104.63215703
-1104.64086046
-1104.64290402
-1104.64204840
-1104.63989692
-1104.61516261
-1104.62404161
-1104.64157044
-1104.64047517
-1104.64246947
-1104.64285194
Null
-1104.63848941
-1104.63532634
-1104.64397371
-1104.64557791
-1104.63677745
-1104.64085171
-1104.63097368
-1104.62106745
-1104.64112614
-1104.64180490
-1104.63931575
-1104.62846355
-1104.64308755
-1104.64389588
-1104.64276912
-1104.64694620
-1104.64436497
-1104.64154197
-1104.64241078
-1104.63859621
-1104.64192862
-1104.63401843
-1104.63964965
Null
-1104.64568430
-1104.64650643
-1104.62241193
-1104.63971791
-1104.63328348
-1104.63819525
-1104.63718254
-1104.64069099
-1104.63993161
-1104.63906896
-1104.63627627
-1104.63994404
-1104.63839431
-1104.64198249
-1104.63443743
-1104.63356063
-1104.63827435
-1104.64084816
-1104.64709187
-1104.64257177
-1104.64060034
-1104.64300382
-1104.64482730
Null
-1104.64118164
-1104.64217822
-1104.62399465
-1104.63826092
-1104.64415167
-1104.64636492
-1104.63823491
-1104.64038708
-1104.62227908
-1104.64125809
-1104.64192217
-1104.64285503
-1104.64193939
-1104.64477683
-1104.64644202
-1104.64650552
-1104.64518397
-1104.63895007
-1104.64182168
-1104.64264246
-1104.63853669
-1104.64013037
-1104.63972576
Null
-1104.63762856
-1104.64113642
-1104.64340820
-1104.64425888
-1104.64471736
-1104.63668421
-1104.64481924
-1104.64614589
-1104.63642322
-1104.64580721
-1104.64613703
-1104.64273279
-1104.64294570
-1104.63738717
-1104.63411229
-1104.64463277
-1104.64834435
-1104.63520569
-1104.62657977
-1104.63602789
-1104.63562233
-1104.64108108
-1104.64384140
Null
-1104.63166706
-1104.64276353
-1104.64400101
-1104.64548548
-1104.64681746
-1104.63247409
-1104.62704207
-1104.64254860
-1104.61988801
-1104.64450125
-1104.63843338
-1104.64376317
-1104.61470838
-1104.64460241
-1104.64047216
-1104.61301845
-1104.63737367
-1104.62463252
-1104.64477256
-1104.63242184
-1104.64022070
-1104.64037516
-1104.64277549
Null
-1104.63483027
-1104.63725761
-1104.63803604
-1104.64313046
-1104.64094240
-1104.64225615
-1104.64200058
-1104.64647248
-1104.63637791
-1104.63672281
-1104.64157074
-1104.64569054
-1104.64390216
-1104.64247797
-1104.64448750
-1104.63842776
-1104.64380319
-1104.61553229
-1104.64584164
-1104.63900674
-1104.63203004
-1104.61779115
-1104.64291332
Null
-1104.64306112
-1104.61959594
-1104.64153852
-1104.64317901
-1104.64511573
-1104.64516277
-1104.63487479
-1104.63074176
-1104.63018995
-1104.63795793
-1104.64066651
-1104.61557318
-1104.62477469
-1104.63880027
-1104.64424935
-1104.64200193
-1104.64197825
-1104.62746465
-1104.63432111
-1104.64386132
-1104.64755816
-1104.62409768
-1104.64001208
Null
-1104.63595584
-1104.63910109
-1104.63522075
-1104.63526150
-1104.63863142
-1104.64429871
-1104.64251739
-1104.64236593
-1104.64578750
-1104.64120874
-1104.64112688
-1104.63202922
-1104.63212892
-1104.63145098
-1104.64318280
-1104.62642055
-1104.62552565
-1104.64002734
-1104.64404002
-1104.64425473
-1104.64021035
-1104.63866875
-1104.62540397
Null
-1104.62788823
-1104.62732100
-1104.64413410
-1104.64078907
-1104.64461409
-1104.64201889
-1104.63941292
-1104.64282972
-1104.64260217
-1104.62212046
-1104.64383893
-1104.64268872
-1104.64313471
-1104.63750769
-1104.63145511
-1104.63426889
-1104.64510159
-1104.64246457
-1104.63610420
-1104.63852258
-1104.63741533
-1104.63341779
-1104.64031752
Null
-1104.64486519
-1104.64465997
-1104.64015556
-1104.63635066
-1104.64432990
-1104.64289394
-1104.63712677
-1104.64245739
-1104.64268925
-1104.64333771
-1104.64090014
-1104.64156929
-1104.63900883
-1104.64495122
-1104.64476049
-1104.64299601
-1104.63688042
-1104.62945370
-1104.64140980
-1104.63085568
-1104.61991288
-1104.63906317
-1104.64373775
Null
-1104.63762431
-1104.62134964
-1104.64490515
-1104.62430286
-1104.63778488
-1104.64453484
-1104.63193386
-1104.62240218
-1104.64323462
-1104.63638834
-1104.64232786
-1104.64285389
-1104.64391611
-1104.64487507
-1104.64369009
-1104.64120560
-1104.63863406
-1104.64700241
-1104.64360864
-1104.64512733
-1104.63833320
-1104.63921327
-1104.63842569
Null
-1104.62633688
-1104.63658861
-1104.61907538
-1104.64840840
-1104.63962678
-1104.61514466
-1104.63306358
-1104.63007970
-1104.64506440
-1104.63869152
-1104.63348461
-1104.64285125
-1104.64318008
-1104.64260804
-1104.64269469
-1104.64280997
-1104.64335132
-1104.64147650
-1104.64531127
-1104.64156733
-1104.64171494
-1104.63636622
-1104.63933606
Null
-1104.64100586
-1104.64453009
-1104.64128025
-1104.64621243
-1104.64201135
-1104.63297417
-1104.63922546
-1104.64379287
-1104.61744393
-1104.63543874
-1104.64505287
-1104.64380870
-1104.64271982
-1104.64277019
-1104.63815421
-1104.63929735
-1104.64570797
-1104.64223686
-1104.64119053
-1104.64293424
-1104.64597493
-1104.64018916
-1104.63028328
Null
-1104.64435645
-1104.64523033
-1104.64221527
-1104.64364243
-1104.64353498
-1104.64241965
-1104.64211247
-1104.64127542
-1104.64298460
-1104.64457801
-1104.64608208
-1104.63938852
-1104.63804635
-1104.63883189
-1104.63898009
-1104.64126128
-1104.63945900
-1104.63344838
-1104.62687196
-1104.63162511
-1104.64649539
-1104.63859993
-1104.64341821
Null
-1104.63714073
-1104.64671959
-1104.64415800
-1104.63582767
-1104.63545167
-1104.64024581
-1104.64022724
-1104.63650189
-1104.64336105
-1104.64133285
-1104.63168075
-1104.64077866
-1104.62365886
-1104.64485885
-1104.64682445
-1104.64088261
-1104.64259446
-1104.64292224
-1104.64363874
-1104.64410871
-1104.64168498
-1104.62403925
-1104.63430404
Null
-1104.63577567
-1104.64586565
-1104.64430075
-1104.64635688
-1104.63583943
-1104.64146383
-1104.64057195
-1104.64116483
-1104.64238784
-1104.64307899
-1104.63320769
-1104.64403734
-1104.63270314
-1104.63909502
-1104.64578028
-1104.64344103
-1104.64360908
-1104.64339953
-1104.64506349
-1104.64676010
-1104.64436567
-1104.64061532
-1104.64414803
Null
-1104.62024483
-1104.64458066
-1104.64331720
-1104.64875515
-1104.63004901
-1104.64314490
-1104.63973479
-1104.62292838
-1104.64064944
-1104.64330083
-1104.63886974
-1104.64279964
-1104.63989313
-1104.63665504
-1104.63349290
-1104.64596300
-1104.64275721
-1104.63316624
-1104.64453839
-1104.64299941
-1104.64746453
-1104.62394723
-1104.63739189
Null
-1104.63961814
-1104.64109859
-1104.63848649
-1104.64629920
-1104.64016338
-1104.63325491
-1104.63876491
-1104.64163046
-1104.64239264
-1104.64486800
-1104.61563564
-1104.64666482
-1104.64330332
-1104.64009060
-1104.64089455
-1104.64173778
-1104.62994323
-1104.63183975
-1104.63940104
-1104.64143114
-1104.64342852
-1104.64189700
-1104.64611631
Null
-1104.62443812
-1104.64098729
-1104.64628402
-1104.64520720
-1104.64632132
-1104.64467960
-1104.64424195
-1104.64337396
-1104.64496367
-1104.64478544
-1104.63854632
-1104.64182181
-1104.64220737
-1104.64170232
-1104.64056338
-1104.63870156
-1104.63951781
-1104.64436153
-1104.64563841
-1104.63783754
-1104.64685902
-1104.63907800
-1104.64590369
Null
-1104.63375800
-1104.64231289
-1104.64357299
-1104.63712272
-1104.63956060
-1104.64208523
-1104.63940751
-1104.64546833
-1104.64050080
-1104.63663903
-1104.64256781
-1104.63552340
-1104.64672354
-1104.63652390
-1104.63518442
-1104.64135213
-1104.64268868
-1104.63679953
-1104.64395683
-1104.61708471
-1104.63813893
-1104.64193196
-1104.63359109
Null
-1104.63498176
-1104.64531086
-1104.63312495
-1104.61687886
-1104.63754938
-1104.62762530
-1104.64127268
-1104.64511126
-1104.64027602
-1104.63979087
-1104.63906480
-1104.63450449
-1104.64140212
-1104.64459548
-1104.64397677
-1104.64408757
-1104.64045455
-1104.63846811
-1104.64638109
-1104.64354524
-1104.64095301
-1104.63859711
-1104.64229028
Null
-1104.64219205
-1104.63846919
-1104.63776602
-1104.64701122
-1104.64317784
-1104.64522886
-1104.64281438
-1104.64465985
-1104.64347881
-1104.64309114
-1104.63842077
-1104.64605266
-1104.64333046
-1104.64548639
-1104.64489030
-1104.64067785
-1104.64317242
-1104.64411879
-1104.64396328
-1104.64269517
-1104.64349420
-1104.62301378
-1104.63995520
Null
-1104.63544086
-1104.64639311
-1104.64396867
-1104.64396719
-1104.64116216
-1104.62227297
-1104.64335824
-1104.64445243
-1104.64272646
-1104.64416706
-1104.64666578
-1104.64592901
-1104.63670905
-1104.63945029
-1104.63711905
-1104.61941435
-1104.61325219
-1104.64036698
-1104.63989616
-1104.64200678
-1104.62527139
-1104.62152920
-1104.64394359
Null
-1104.64307538
-1104.64079619
-1104.63934738
-1104.61877161
-1104.63462542
-1104.63946971
-1104.63922837
-1104.62424018
-1104.61974075
-1104.64028317
-1104.64292462
-1104.64529993
-1104.64902241
-1104.61881894
-1104.62420616
-1104.64536601
-1104.64451575
-1104.64268342
-1104.63988324
-1104.63820864
-1104.63465436
-1104.64430316
-1104.64497609
Null
-1104.64583731
-1104.64746002
-1104.63858483
-1104.62826763
-1104.63719339
-1104.63809032
-1104.64663635
-1104.63949467
-1104.64720907
-1104.64492736
-1104.63724245
-1104.64187634
-1104.63483842
-1104.63446692
-1104.64345194
-1104.63936706
-1104.64226993
-1104.64170972
-1104.64084077
-1104.63415166
-1104.63520244
-1104.63557028
-1104.63059579
Null
-1104.63731170
-1104.63968650
-1104.63842800
-1104.63587361
-1104.63433146
-1104.61577820
-1104.63549618
-1104.64193772
-1104.63827452
-1104.63821290
-1104.64553701
-1104.64665638
-1104.64082730
-1104.64184048
-1104.64397924
-1104.64311606
-1104.62625234
-1104.64405240
-1104.64706469
-1104.64497502
-1104.64157230
-1104.62711929
-1104.64618094
Null
-1104.64545051
-1104.64516587
-1104.64242548
-1104.63589684
-1104.63719382
-1104.64176533
-1104.62619611
-1104.63537771
-1104.63943301
-1104.62528813
-1104.64144564
-1104.64358002
-1104.64575788
-1104.62657226
-1104.63309798
-1104.64623084
-1104.64505366
-1104.63696889
-1104.64547582
-1104.63431059
-1104.63980589
-1104.64482200
-1104.63537346
Null
-1104.63190810
-1104.62717829
-1104.62887023
-1104.63882467
-1104.64073137
-1104.63091620
-1104.64483595
-1104.64291773
-1104.64041272
-1104.64233178
-1104.63221621
-1104.64022540
-1104.64612430
-1104.63236002
-1104.62859972
-1104.63832705
-1104.64374911
-1104.64124624
-1104.63410434
-1104.62296404
-1104.64182854
-1104.64663571
-1104.64253777
Null
-1104.61491922
-1104.64082211
-1104.64009440
-1104.63933943
-1104.64236873
-1104.63104592
-1104.64175588
-1104.64350459
-1104.64210420
-1104.64797240
-1104.62999316
-1104.61726826
-1104.62979651
-1104.61702011
-1104.63437445
-1104.64116992
-1104.62638047
-1104.61039517
-1104.63828388
-1104.64162160
-1104.63961433
-1104.63528212
-1104.63899415
Null
-1104.63986312
-1104.64714605
-1104.63298227
-1104.63085970
-1104.63227564
-1104.64005722
-1104.62611841
-1104.61537739
-1104.64614637
-1104.64034672
-1104.64343265
-1104.64313374
-1104.63610014
-1104.64639272
-1104.62683335
-1104.64257975
-1104.64273704
-1104.63958968
-1104.63994488
-1104.63516100
-1104.63805574
-1104.63590344
-1104.64450881
Null
-1104.61414165
-1104.63695055
-1104.63872646
-1104.63871002
-1104.62593806
-1104.63821210
-1104.64584991
-1104.63606427
-1104.64522595
-1104.63708260
-1104.63924498
-1104.63857630
-1104.63689510
-1104.64626453
-1104.64493159
-1104.64708818
-1104.64101529
-1104.64365714
-1104.63885495
-1104.62179679
-1104.63287709
-1104.61365931
-1104.64243292
Null
-1104.64349532
-1104.64298035
-1104.64032147
-1104.60795543
-1104.64206886
-1104.63126474
-1104.63671240
-1104.64390357
-1104.64655006
-1104.64218761
-1104.63320485
-1104.64332226
-1104.64684708
-1104.64111283
-1104.64677403
-1104.62620777
-1104.63858419
-1104.63903526
-1104.63060116
-1104.62032064
-1104.64297289
-1104.64151273
-1104.61646243
Null
-1104.63593420
-1104.64071529
-1104.64455000
-1104.64282756
-1104.64080814
-1104.64561236
-1104.64401589
-1104.64341120
-1104.64416958
-1104.64439785
-1104.64092324
-1104.63959405
-1104.63597411
-1104.64210072
-1104.64148325
-1104.64514294
-1104.64067778
-1104.64589396
-1104.64231734
-1104.63319331
-1104.63974883
-1104.61170809
-1104.64290815
Null
-1104.64037160
-1104.64758503
-1104.64572720
-1104.63807487
-1104.64329842
-1104.64345796
-1104.64399900
-1104.64339834
-1104.64164994
-1104.64252675
-1104.64283070
-1104.64536984
-1104.64043546
-1104.63823927
-1104.64491098
-1104.64304015
-1104.63893623
-1104.64382257
-1104.63675735
-1104.64162075
-1104.62658136
-1104.64162135
-1104.64586265
Null
-1104.61449093
-1104.64359216
-1104.64743383
-1104.63924952
-1104.64332686
-1104.63487977
-1104.63799875
-1104.64208839
-1104.63615657
-1104.64409876
-1104.63982145
-1104.64472349
-1104.63651355
-1104.64686642
-1104.64432836
-1104.63725540
-1104.64714252
-1104.64080321
-1104.63949096
-1104.63723410
-1104.64639348
-1104.64482935
-1104.64317210
Null
-1104.62722763
-1104.64476456
-1104.64240293
-1104.64495516
-1104.64369553
-1104.64455931
-1104.64393027
-1104.64273470
-1104.63911861
-1104.64508145
-1104.64517961
-1104.63964189
-1104.63435694
-1104.64212756
-1104.64312120
-1104.64562560
-1104.62395693
-1104.63387012
-1104.63806089
-1104.64608905
-1104.63763381
-1104.64360100
-1104.64047535
Null
-1104.64448352
-1104.64509805
-1104.63444640
-1104.64152495
-1104.64204103
-1104.64308338
-1104.64442729
-1104.64308897
-1104.62782979
-1104.63933582
-1104.63687693
-1104.63817783
-1104.64493669
-1104.64242548
-1104.64409453
-1104.62053205
-1104.64336797
-1104.64029997
-1104.64004719
-1104.62240794
-1104.62247239
-1104.64159462
-1104.64101898
Null
-1104.64187941
-1104.63121040
-1104.63974033
-1104.63710154
-1104.64365729
-1104.64513653
-1104.64171641
-1104.63594273
-1104.63445802
-1104.64034658
-1104.64362582
-1104.64172209
-1104.63158566
-1104.62209406
-1104.63902103
-1104.64536315
-1104.64760790
-1104.64145765
-1104.64299737
-1104.64237099
-1104.63745535
-1104.63276375
-1104.64135997
Null
-1104.64340901
-1104.64294425
-1104.64302897
-1104.64411250
-1104.62258017
-1104.62133754
-1104.61522271
-1104.64347219
-1104.64348976
-1104.64035018
-1104.64299430
-1104.64777399
-1104.64135466
-1104.64364047
-1104.63624815
-1104.64280883
-1104.64375312
-1104.63842813
-1104.63650595
-1104.64485222
-1104.64438526
-1104.63885166
-1104.64013538
Null
-1104.64042721
-1104.64126436
-1104.63888881
-1104.64204401
-1104.64354153
-1104.64574701
-1104.64539222
-1104.64363231
-1104.64639480
-1104.64559286
-1104.64724219
-1104.64643439
-1104.64004600
-1104.63800636
-1104.63895360
-1104.62799349
-1104.64408499
-1104.63075132
-1104.63587047
-1104.64517116
-1104.62781731
-1104.64207489
-1104.64005641
Null
-1104.64402765
-1104.63999555
-1104.64422551
-1104.64151237
-1104.63994531
-1104.64272012
-1104.63845827
-1104.63835675
-1104.63273196
-1104.63663991
-1104.63407421
-1104.63345093
-1104.64327632
-1104.63958243
-1104.62916668
-1104.63207985
-1104.64028520
-1104.63951289
-1104.64130598
-1104.64537959
-1104.62883589
-1104.64339265
-1104.63603333
Null
-1104.64467007
-1104.64401842
-1104.64455480
-1104.64465690
-1104.64133526
-1104.64613385
-1104.64536458
-1104.64512092
-1104.64629894
-1104.64271313
-1104.64247911
-1104.63639641
-1104.64668088
-1104.64045472
-1104.63841641
-1104.63693132
-1104.63304348
-1104.64372983
-1104.64064030
-1104.63630388
-1104.64016308
-1104.62579042
-1104.63229651
Null
-1104.63273086
-1104.63343274
-1104.64461346
-1104.63936737
-1104.64475185
-1104.64069618
-1104.64330086
-1104.64331080
-1104.64246749
-1104.62582859
-1104.62535144
-1104.62662786
-1104.63859010
-1104.62754270
-1104.64449808
-1104.63579483
-1104.64061764
-1104.63173419
-1104.64808982
-1104.64557740
-1104.64565291
-1104.63831206
-1104.64028589
Null
-1104.63904228
-1104.63202085
-1104.64169326
-1104.64231088
-1104.63811025
-1104.63871752
-1104.64522046
-1104.64328474
-1104.64402248
-1104.64412144
-1104.63433599
-1104.64633222
-1104.64533887
-1104.63713566
-1104.64453266
-1104.63789287
-1104.64571062
-1104.62721816
-1104.64297895
-1104.64009656
-1104.64586522
-1104.63814356
-1104.64030334
Null
-1104.64420714
-1104.63680183
-1104.62885307
-1104.61297979
-1104.63331602
-1104.63233932
-1104.64354841
-1104.63997766
-1104.64506774
-1104.64404200
-1104.63973879
-1104.64530355
-1104.64286131
-1104.64781658
-1104.63952465
-1104.64350853
-1104.64245066
-1104.64400717
-1104.64376722
-1104.64402663
-1104.64011222
-1104.62741840
-1104.63577094
Null
-1104.62270881
-1104.64601843
-1104.63612037
-1104.63334780
-1104.64347975
-1104.61732706
-1104.64343091
-1104.64131503
-1104.64434826
-1104.64279900
-1104.63599199
-1104.64271808
-1104.64098336
-1104.61856415
-1104.64478586
-1104.64378034
-1104.64202579
-1104.64189875
-1104.64496844
-1104.64415233
-1104.64157251
-1104.64226960
-1104.63873530
Null
-1104.64489331
-1104.63901042
-1104.61720998
-1104.64529625
-1104.63530922
-1104.64583588
-1104.63704435
-1104.63099138
-1104.63972413
-1104.61529969
-1104.64208603
-1104.63916285
-1104.63856082
-1104.64106709
-1104.63449620
-1104.62720842
-1104.64261487
-1104.64142428
-1104.64492131
-1104.61570157
-1104.64564168
-1104.64064027
-1104.64026991
Null
-1104.63487776
-1104.63816102
-1104.63657545
-1104.64396091
-1104.64494789
-1104.64576847
-1104.63620793
-1104.64300102
-1104.64191367
-1104.64448492
-1104.64032945
-1104.63788413
-1104.63188665
-1104.62260818
-1104.64221110
-1104.64219136
-1104.63294963
-1104.64646179
-1104.63613595
-1104.63979244
-1104.64298696
-1104.64277245
-1104.64406900
Null
-1104.63505094
-1104.64456942
-1104.64051626
-1104.61623415
-1104.63751639
-1104.64233476
-1104.64188641
-1104.64024319
-1104.64186375
-1104.63683262
-1104.63473130
-1104.64357790
-1104.64103890
-1104.64637316
-1104.64268667
-1104.63938956
-1104.64290797
-1104.64093156
-1104.64262696
-1104.64245487
-1104.63892472
-1104.63814522
-1104.64081270
Null
-1104.64303000
-1104.64241422
-1104.64628067
-1104.64175731
-1104.64153520
-1104.61567557
-1104.63961940
-1104.63679475
-1104.63724208
-1104.62326971
-1104.63827320
-1104.63513738
-1104.64768184
-1104.64366442
-1104.63349565
-1104.64117585
-1104.64240820
-1104.64496287
-1104.64431906
-1104.64135985
-1104.64403299
-1104.64627153
-1104.62388408
Null
-1104.62979770
-1104.63424679
-1104.63783875
-1104.63075110
-1104.64153320
-1104.64318401
-1104.63942686
-1104.64087857
-1104.64290410
-1104.64221680
-1104.63059966
-1104.63728992
-1104.64045910
-1104.64299032
-1104.64417619
-1104.64535572
-1104.61524996
-1104.63515899
-1104.63396312
-1104.62277992
-1104.64529797
-1104.63499209
-1104.62292582
Null
-1104.64037508
-1104.64267258
-1104.64689956
-1104.64595045
-1104.64301192
-1104.64507833
-1104.64196193
-1104.64634872
-1104.64542806
-1104.64313206
-1104.64413461
-1104.64217318
-1104.64454345
-1104.64188327
-1104.62402537
-1104.64224916
-1104.63097409
-1104.64000065
-1104.63242263
-1104.64325568
-1104.63245684
-1104.62889810
-1104.64140908
Null
-1104.63742415
-1104.63514237
-1104.64036242
-1104.62589875
-1104.63763771
-1104.62736191
-1104.63575470
-1104.64212705
-1104.64301019
-1104.64450142
-1104.63677757
-1104.64353111
-1104.64544915
-1104.64345361
-1104.63404096
-1104.64128039
-1104.64135828
-1104.64197138
-1104.64723895
-1104.64191714
-1104.64256909
-1104.63117909
-1104.63833687
Null
-1104.64099845
-1104.64684469
-1104.63822499
-1104.64446064
-1104.64293342
-1104.64670106
-1104.62551038
-1104.63246209
-1104.63890706
-1104.63927609
-1104.64463832
-1104.64259105
-1104.63278299
-1104.64130814
-1104.64379857
-1104.64300040
-1104.63300351
-1104.63907428
-1104.63802649
-1104.64447317
-1104.61955725
-1104.64427801
-1104.64519337
Null
-1104.64596318
-1104.64235210
-1104.64703920
-1104.64609561
-1104.64248675
-1104.64661941
-1104.64627364
-1104.64211369
-1104.64008187
-1104.63660530
-1104.63900633
-1104.63594236
-1104.64470407
-1104.64125310
-1104.64538098
-1104.64065779
-1104.64586755
-1104.63952177
-1104.64280258
-1104.64691541
-1104.63744458
-1104.64324735
-1104.63816724
Null
-1104.64313711
-1104.64147420
-1104.63700890
-1104.64297602
-1104.64308023
-1104.64152341
-1104.63739090
-1104.63924294
-1104.64644309
-1104.64059027
-1104.64463707
-1104.64650291
-1104.64326117
-1104.64048420
-1104.64186672
-1104.63816627
-1104.63121010
-1104.63914545
-1104.61701070
-1104.61628841
-1104.64353777
-1104.64525459
-1104.64180209
Null
-1104.64165312
-1104.64324444
-1104.64480321
-1104.64594116
-1104.64605958
-1104.64173690
-1104.63387477
-1104.63848433
-1104.64370494
-1104.64573026
-1104.63764969
-1104.62888648
-1104.63821321
-1104.63686238
-1104.61348556
-1104.63953749
-1104.64571001
-1104.64334244
-1104.64098451
-1104.64753006
-1104.64119371
-1104.63875437
-1104.63219332
Null
-1104.64454991
-1104.63683725
-1104.64487348
-1104.64282594
-1104.64546583
-1104.64362748
-1104.61874503
-1104.62737644
-1104.64495717
-1104.63559059
-1104.62679235
-1104.63018753
-1104.64475873
-1104.64124916
-1104.64064232
-1104.63760775
-1104.64523306
-1104.64031022
-1104.63996243
-1104.63619587
-1104.63947057
-1104.64231854
-1104.63832217
Null
-1104.62074538
-1104.62245218
-1104.64332495
-1104.62811727
-1104.64209408
-1104.64313027
-1104.63526007
-1104.64093738
-1104.64460782
-1104.64290855
-1104.64600266
-1104.64408567
-1104.63881341
-1104.64650609
-1104.63808196
-1104.64559412
-1104.63990794
-1104.64646766
-1104.64382081
-1104.63650495
-1104.62670727
-1104.64832139
-1104.62815518
Null
-1104.64308084
-1104.64349386
-1104.61279010
-1104.64420486
-1104.63902167
-1104.63691049
-1104.63926589
-1104.63315699
-1104.64863322
-1104.64507320
-1104.64549456
-1104.64495503
-1104.64260636
-1104.61779211
-1104.63260945
-1104.64707249
-1104.64553790
-1104.64313658
-1104.63012447
-1104.62432546
-1104.64370040
-1104.64524947
-1104.62641222
Null
-1104.61964153
-1104.63375330
-1104.62274089
-1104.63420586
-1104.64319249
-1104.61992668
-1104.64025287
-1104.64136448
-1104.64614913
-1104.64727894
-1104.64270604
-1104.64397398
-1104.62679010
-1104.64304336
-1104.64327293
-1104.64376515
-1104.64102782
-1104.63868340
-1104.63373813
-1104.63701164
-1104.64611371
-1104.64560546
-1104.63680329
Null
-1104.64054506
-1104.63960326
-1104.63636238
-1104.64123634
-1104.63369106
-1104.63146670
-1104.64431053
-1104.64425637
-1104.63190384
-1104.63894662
-1104.62188271
-1104.64428230
-1104.64344325
-1104.63955449
-1104.64614751
-1104.64544008
-1104.64222747
-1104.62047387
-1104.63534269
-1104.63994578
-1104.64124589
-1104.64462584
-1104.64145179
Null
-1104.64302285
-1104.63824292
-1104.63909782
-1104.64057332
-1104.63715045
-1104.64176494
-1104.64397289
-1104.61567355
-1104.64009041
-1104.64416054
-1104.63952397
-1104.64336105
-1104.64461902
-1104.64456984
-1104.62367223
-1104.64344051
-1104.64375851
-1104.63629308
-1104.64148101
-1104.63977278
-1104.64030130
-1104.64164512
-1104.64307383
Null
-1104.64202022
-1104.63737810
-1104.64120230
-1104.64526467
-1104.63998450
-1104.62630992
-1104.61644947
-1104.64154992
-1104.64047121
-1104.64240834
-1104.63691209
-1104.64473414
-1104.64076239
-1104.63521016
-1104.64155055
-1104.63804178
-1104.62547247
-1104.64407911
-1104.64649438
-1104.64513717
-1104.63521725
-1104.63771678
-1104.63490999
Null
-1104.64498933
-1104.64718980
-1104.63879136
-1104.64183937
-1104.63903416
-1104.64204546
-1104.64102375
-1104.64452985
-1104.64682185
-1104.64624580
-1104.64460805
-1104.64368003
-1104.62573206
-1104.64006769
-1104.63694485
-1104.64488381
-1104.63823835
-1104.64642791
-1104.63787327
-1104.63800484
-1104.63681529
-1104.64657696
-1104.64291640
Null
-1104.63155743
-1104.63556204
-1104.63127006
-1104.64438771
-1104.64436531
-1104.63985325
-1104.64387763
-1104.63783065
-1104.64215833
-1104.64004396
-1104.64365037
-1104.64250329
-1104.64307299
-1104.64447273
-1104.64049429
-1104.64220551
-1104.64319992
-1104.60737606
-1104.63178962
-1104.61822598
-1104.64569333
-1104.64310052
-1104.64435211
Null
-1104.63799443
-1104.64450721
-1104.64568909
-1104.63950118
-1104.64192761
-1104.63528779
-1104.62983178
-1104.64066071
-1104.63615691
-1104.64680045
-1104.64255929
-1104.64039573
-1104.64388721
-1104.63510432
-1104.63424000
-1104.64442125
-1104.62917948
-1104.63473353
-1104.64524139
-1104.62788289
-1104.64488648
-1104.63341852
-1104.64433934
Null
-1104.64826845
-1104.64584357
-1104.64095155
-1104.64011577
-1104.64612243
-1104.63915743
-1104.64512182
-1104.64323203
-1104.64188214
-1104.63416791
-1104.62725560
-1104.61492188
-1104.63630177
-1104.64495681
-1104.62716485
-1104.64015864
-1104.63273383
-1104.62975802
-1104.63401578
-1104.62835629
-1104.64545546
-1104.64292046
-1104.63163573
Null
-1104.64154268
-1104.63031918
-1104.63933592
-1104.63506481
-1104.64483063
-1104.64274247
-1104.64251079
-1104.61277326
-1104.64486523
-1104.62754853
-1104.64493853
-1104.63994365
-1104.64577379
-1104.64213757
-1104.64511205
-1104.63993433
-1104.64363137
-1104.64487417
-1104.63879891
-1104.63450305
-1104.64010138
-1104.62290981
-1104.64087107
Null
-1104.64345669
-1104.64226586
-1104.64394349
-1104.63780162
-1104.64602368
-1104.63857952
-1104.63978452
-1104.63536279
-1104.64070800
-1104.64127560
-1104.63953717
-1104.64092454
-1104.62678998
-1104.64027353
-1104.64334734
-1104.64155896
-1104.64258226
-1104.64409952
-1104.64233460
-1104.63987405
-1104.63439645
-1104.64398753
-1104.64280225
Null
-1104.63880339
-1104.63666380
-1104.63434278
-1104.63128501
-1104.64272184
-1104.63447987
-1104.64854729
-1104.64511064
-1104.64413350
-1104.64147601
-1104.63118844
-1104.64161295
-1104.62991582
-1104.62893800
-1104.64315789
-1104.64416142
-1104.63967270
-1104.64203620
-1104.63475679
-1104.64257189
-1104.64425473
-1104.63817694
-1104.64484103
Null
-1104.63601119
-1104.64149880
-1104.63876745
-1104.64131782
-1104.62568207
-1104.64479063
-1104.64170673
-1104.64053703
-1104.63616878
-1104.64086716
-1104.64222127
-1104.64455996
-1104.64114860
-1104.64685732
-1104.63058869
-1104.63945586
-1104.64344917
-1104.63589525
-1104.62913371
-1104.62132552
-1104.64305062
-1104.64003936
-1104.63888510
Null
-1104.63023731
-1104.63953404
-1104.64340049
-1104.64436379
-1104.64352054
-1104.64191260
-1104.64603591
-1104.64495291
-1104.64491987
-1104.64040566
-1104.64146513
-1104.61339570
-1104.64241818
-1104.64578360
-1104.63617655
-1104.64188719
-1104.64332858
-1104.64384098
-1104.64452476
-1104.64338282
-1104.64405681
-1104.64734235
-1104.63362918
Null
-1104.64565975
-1104.64496013
-1104.61580642
-1104.64370733
-1104.61754378
-1104.63689916
-1104.64008173
-1104.63672794
-1104.64171941
-1104.63999471
-1104.64591779
-1104.64302839
-1104.64064590
-1104.64268825
-1104.63294888
-1104.63204079
-1104.64329698
-1104.64039816
-1104.64303695
-1104.64314372
-1104.63922139
-1104.64331447
-1104.64202601
Null
-1104.64552494
-1104.64374285
-1104.64224743
-1104.64402473
-1104.64344598
-1104.64351054
-1104.63904147
-1104.63776919
-1104.64252204
-1104.64289266
-1104.64180617
-1104.63994325
-1104.63584366
-1104.64537962
-1104.64225275
-1104.64467920
-1104.63909085
-1104.63343357
-1104.64197203
-1104.64531031
-1104.63992017
-1104.64697870
-1104.62205982
Null
-1104.64089575
-1104.63904028
-1104.63617020
-1104.64377877
-1104.61669348
-1104.64362884
-1104.64274475
-1104.63372498
-1104.62414557
-1104.63299524
-1104.62602895
-1104.63171110
-1104.64057991
-1104.64249372
-1104.61352667
-1104.64696897
-1104.64101914
-1104.64310564
-1104.64409089
-1104.64712144
-1104.64420927
-1104.63739390
-1104.63405321
Null
-1104.63549352
-1104.64212381
-1104.63923640
-1104.63940870
-1104.62641373
-1104.63489896
-1104.62650027
-1104.63617565
-1104.64078866
-1104.64495498
-1104.64181691
-1104.64358206
-1104.63994384
-1104.64106547
-1104.63785088
-1104.62844369
-1104.64010054
-1104.64279487
-1104.64403172
-1104.61967316
-1104.64493910
-1104.64525295
-1104.63730700
Null
-1104.64142991
-1104.63924286
-1104.63843386
-1104.63731517
-1104.64649750
-1104.64236375
-1104.62972402
-1104.64598642
-1104.64121293
-1104.61881106
-1104.63856599
-1104.64196475
-1104.64569910
-1104.64189207
-1104.64409213
-1104.64106837
-1104.64260343
-1104.64318960
-1104.64170478
-1104.63675868
-1104.62195009
-1104.64507076
-1104.64521114
Null
-1104.63454760
-1104.64035420
-1104.64187356
-1104.63752906
-1104.64248906
-1104.63935578
-1104.64055042
-1104.64555021
-1104.64324579
-1104.64016133
-1104.64304855
-1104.64459961
-1104.64246883
-1104.64439395
-1104.64381459
-1104.64375450
-1104.64283199
-1104.63658556
-1104.64465205
-1104.64305675
-1104.64149042
-1104.62812047
-1104.64174808
Null
-1104.64180792
-1104.62924026
-1104.62443029
-1104.64419720
-1104.64435248
-1104.62819084
-1104.64727394
-1104.63964612
-1104.64527214
-1104.64295918
-1104.61489782
-1104.63334304
-1104.64646426
-1104.64171162
-1104.64319725
-1104.64021006
-1104.64287118
-1104.64291727
-1104.64107590
-1104.64177771
-1104.63193315
-1104.64253921
-1104.64246415
Null
-1104.64604072
-1104.64461072
-1104.64044509
-1104.63704802
-1104.63609772
-1104.61640596
-1104.63341687
-1104.64648130
-1104.64584092
-1104.63689175
-1104.64518927
-1104.62701332
-1104.63610672
-1104.64546391
-1104.62058893
-1104.63862430
-1104.64135070
-1104.64366952
-1104.64333681
-1104.64114554
-1104.63976787
-1104.64170970
-1104.61563007
Null
-1104.64444371
-1104.64364232
-1104.64505473
-1104.64135295
-1104.64228617
-1104.64194837
-1104.61270146
-1104.63653364
-1104.63997047
-1104.64252171
-1104.61924069
-1104.63750472
-1104.63686342
-1104.64308173
-1104.64442646
-1104.64078903
-1104.64346193
-1104.64797447
-1104.64638211
-1104.64418075
-1104.64399986
-1104.64371480
-1104.64577299
Null
-1104.64291813
-1104.62466646
-1104.64395045
-1104.62310554
-1104.63482192
-1104.62294148
-1104.64055683
-1104.63970088
-1104.63819246
-1104.64212468
-1104.64101247
-1104.63858974
-1104.64542792
-1104.63618919
-1104.64460934
-1104.62762647
-1104.64066441
-1104.64286122
-1104.64439728
-1104.64017800
-1104.64858572
-1104.63321989
-1104.64330436
Null
-1104.64335460
-1104.63971979
-1104.64391657
-1104.64256811
-1104.64251753
-1104.64717154
-1104.64115856
-1104.64313044
-1104.64546700
-1104.64601601
-1104.64048893
-1104.63940354
-1104.64169758
-1104.61938124
-1104.63378603
-1104.62805267
-1104.63716169
-1104.61565306
-1104.63645836
-1104.64508103
-1104.64413101
-1104.64287531
-1104.63788129
Null
-1104.64246975
-1104.64108802
-1104.64270496
-1104.63629177
-1104.64502193
-1104.63941355
-1104.64124508
-1104.63976350
-1104.61700758
-1104.61505275
-1104.64357261
-1104.63590117
-1104.64675002
-1104.63830522
-1104.63849504
-1104.63983950
-1104.64268853
-1104.64594010
-1104.64472251
-1104.61525266
-1104.64833392
-1104.64590232
-1104.63590461
Null
-1104.61509696
-1104.64086111
-1104.63366638
-1104.64193531
-1104.64013657
-1104.63644195
-1104.64337006
-1104.61584834
-1104.63967007
-1104.64146872
-1104.63624764
-1104.64190544
-1104.63865947
-1104.63885839
-1104.64297145
-1104.64558721
-1104.63637400
-1104.63827159
-1104.63275219
-1104.63823040
-1104.64585446
-1104.61456012
-1104.63759998
Null
-1104.64507139
-1104.64278785
-1104.64271971
-1104.63873741
-1104.64408018
-1104.64591333
-1104.63523820
-1104.64405293
-1104.64569756
-1104.64508150
-1104.64519800
-1104.61299934
-1104.64284092
-1104.64486444
-1104.64245624
-1104.64118948
-1104.64612892
-1104.64182649
-1104.64793318
-1104.64817023
-1104.64640895
-1104.64623002
-1104.63490889
Null
-1104.64025335
-1104.63995085
-1104.62399295
-1104.64345438
-1104.62235986
-1104.64657414
-1104.64360808
-1104.64455002
-1104.64106392
-1104.63822395
-1104.64390341
-1104.64019821
-1104.63645673
-1104.64333061
-1104.62246049
-1104.64622587
-1104.63857789
-1104.62970403
-1104.64431426
-1104.64250303
-1104.64321964
-1104.64440168
-1104.63678070
Null
-1104.62327153
-1104.62871238
-1104.64257386
-1104.64249661
-1104.64364649
-1104.64213006
-1104.64447494
-1104.64490869
-1104.64594751
-1104.63853265
-1104.64313994
-1104.64278241
-1104.64195552
-1104.64401989
-1104.64352271
-1104.63358854
-1104.64281475
-1104.63875007
-1104.63742470
-1104.63381756
-1104.64216337
-1104.64347318
-1104.63719684
Null
-1104.64201921
-1104.64452223
-1104.64470765
-1104.63689651
-1104.63789977
-1104.64057366
-1104.64182364
-1104.64009557
-1104.64197627
-1104.64658875
-1104.64626378
-1104.63683286
-1104.64168565
-1104.64057024
-1104.64015729
-1104.64295378
-1104.63044990
-1104.62101983
-1104.64382378
-1104.63389560
-1104.63891452
-1104.63955608
-1104.64319478
Null
-1104.64239827
-1104.61795626
-1104.64609781
-1104.64132672
-1104.63168823
-1104.63852059
-1104.63368081
-1104.62813175
-1104.64413408
-1104.64624595
-1104.63769409
-1104.63219423
-1104.63205360
-1104.63429482
-1104.64232222
-1104.63601739
-1104.62033716
-1104.64213547
-1104.64530925
-1104.62448499
-1104.63786028
-1104.63222315
-1104.61454320
Null
-1104.63035966
-1104.64512461
-1104.64237501
-1104.63940748
-1104.64490521
-1104.64517732
-1104.64471059
-1104.64120224
-1104.64293414
-1104.64595241
-1104.64227589
-1104.63893698
-1104.64362364
-1104.63622355
-1104.64328186
-1104.64231021
-1104.62709434
-1104.64062553
-1104.64510103
-1104.64271962
-1104.64487393
-1104.64113417
-1104.63773778
Null
-1104.63949454
-1104.63484012
-1104.64282945
-1104.63606875
-1104.64082222
-1104.64109741
-1104.64199710
-1104.62403081
-1104.64232490
-1104.63350327
-1104.64034777
-1104.63715240
-1104.62203655
-1104.62913158
-1104.64088395
-1104.63305867
-1104.63738963
-1104.64468508
-1104.64326754
-1104.63922983
-1104.64191309
-1104.64626172
-1104.64688498
Null
